SpikeU,-128,480,7C696B8A,0,1,1,4294967295,0,0
SpikeR,-128,448,5ED9DD22,0,1,1,4294967295,0,0
SpikeD,-96,448,EF08C2C3,0,1,1,4294967295,0,0
SpikeL,-96,480,BD5904FA,0,1,1,4294967295,0,0
MiniSpikeDown,-48,448,9CBABCB1,0,1,1,4294967295,0,0
MiniSpikeRight,-64,448,5F580E04,0,1,1,4294967295,0,0
MiniSpikeLeft,-48,464,36076CB9,0,1,1,4294967295,0,0
MiniSpikeUp,-64,464,91F10E8A,0,1,1,4294967295,0,0
SpikeTR,-128,416,A0F02AEC,0,1,1,4294967295,0,0
SpikeLT,-96,416,9A97F0CA,0,1,1,4294967295,0,0
SpikeLB,-96,384,977E20E1,0,1,1,4294967295,0,0
SpikeBR,-128,384,147B40B7,0,1,1,4294967295,0,0
sprKiller,-160,416,509D75BC,0,1,1,4294967295,0,0
SpikeR,191,416,29E8364D,0,1,1,4294967295,0,0
SpikeL,288,448,EC0D67FB,0,1,1,4294967295,0,0
SpikeD,320,224,709B8415,0,1,1,4294967295,0,0
SpikeU,320,352,0B02F0B2,0,1,1,4294967295,0,0
SpikeU,544,81,18699BBE,0,1,1,4294967295,0,0
SpikeD,352,192,E2992310,0,1,1,4294967295,0,0
SpikeD,256,192,3EE4A291,0,1,1,4294967295,0,0
SpikeD,288,192,927E9091,0,1,1,4294967295,0,0
SpikeR,368,528,CD49E50A,0,1,1,4294967295,0,0
SpikeD,608,127,43F8019C,0,1,1,4294967295,0,0
SpikeR,576,272,FA62553A,0,1,1,4294967295,0,0
SpikeU,656,256,3B72BF35,0,1,1,4294967295,0,0
SpikeD,672,143,FB8236E7,0,1,1,4294967295,0,0
MiniSpikeDown,672,288,B404220C,0,1,1,4294967295,0,0
SpikeU,1056,81,A00F9E81,0,-1,1,4294967295,0,0
SpikeD,992,127,C431389D,0,-1,1,4294967295,0,0
SpikeR,1024,272,63EF5B68,0,-1,1,4294967295,0,0
SpikeU,944,256,A5B83A5A,0,-1,1,4294967295,0,0
SpikeD,928,143,41110A34,0,-1,1,4294967295,0,0
MiniSpikeDown,928,288,ABC1FB74,0,-1,1,4294967295,0,0
SpikeR,896,288,577A4D2E,0,1,1,4294967295,0,0
SpikeU,1216,320,C06B128E,0,1,1,4294967295,0,0
SpikeU,1376,320,DF64B9C1,0,1,1,4294967295,0,0
SpikeBR,1408,320,3F8DEB07,0,1,1,4294967295,0,0
SpikeTR,1536,32,7663B62B,0,1,1,4294967295,0,0
SpikeLB,1488,80,9E273AD3,0,1,1,4294967295,0,0
SpikeLT,1488,112,66465834,0,1,1,4294967295,0,0
SpikeLB,1280,320,3975543E,0,1,1,4294967295,0,0
SpikeBR,1312,320,FFE4AB47,0,1,1,4294967295,0,0
SpikeLB,1344,320,2819C93B,0,1,1,4294967295,0,0
SpikeBR,1248,320,80A48B81,0,1,1,4294967295,0,0
SpikeLB,1184,320,10A12222,0,1,1,4294967295,0,0
SpikeD,1296,32,0EB84ED5,0,1,1,4294967295,0,0
SpikeL,1520,192,C12F8148,0,1,1,4294967295,0,0
MiniSpikeRight,1552,192,3C099DE5,0,1,1,4294967295,0,0
MiniSpikeLeft,1552,184,8F08353A,0,1,1,4294967295,0,0
SpikeR,1488,272,2F2B634B,0,1,1,4294967295,0,0
SpikeR,1488,352,A1B28BBD,0,1,1,4294967295,0,0
MiniSpikeRight,1520,344,590EE713,0,1,1,4294967295,0,0
MiniSpikeRight,1520,296,9A193FBC,0,1,1,4294967295,0,0
MiniSpikeLeft,1504,320,CEB192DB,0,1,1,4294967295,0,0
SpikeBR,1152,544,0D26EF5F,0,1,1,4294967295,0,0
SpikeU,1440,464,66E8989D,0,1,1,4294967295,0,0
SpikeD,1312,416,2F5D5D60,0,1,1,4294967295,0,0
SpikeBR,816,544,C4DEA497,0,1,1,4294967295,0,0
SpikeLT,832,384,0310453C,0,1,1,4294967295,0,0
SpikeTall,-64,416,09DFE1F3,0,1,1,4294967295,0,0
SpikeTall,544,112,28D838DE,0,1,5.5,4294967295,0,0
SpikeTall,608,96,8130B2DF,0,1,1,4294967295,0,0
SpikeTall,672,96,F9D9C30C,0,1,1.5,4294967295,0,0
SpikeTall,1056,112,FFA0091C,0,-1,5.5,4294967295,0,0
SpikeTall,992,96,CBEE6402,0,-1,1,4294967295,0,0
SpikeTall,928,96,C181490A,0,-1,1.5,4294967295,0,0
SpikeTall,1440,112,319F0EAB,0,1,7.5,4294967295,0,0
SpikeTall,1567,544,67314385,0,1,12,4294967295,270,0
SpikeTall,1440,496,EF68F630,0,1,1.5,4294967295,0,0
SpikeTall,1312,384,FAE6BBE4,0,1,1,4294967295,0,0
Autotiler,64,32,E883BB22,0,1,1,4294967295,0,1
Block,0,32,003F7A19,0,1,18,4294967295,0,0
Block,64,448,001A25E1,0,4,5,4294967295,0,0
Block,0,0,00256BF1,0,2,1,4294967295,0,0
Block,256,32,B64C5834,0,4,5,4294967295,0,0
Block,192,0,467101BC,0,44,1,4294967295,0,0
Block,384,544,1DA541C5,0,5,1.5,4294967295,0,0
Block,544,288,07694953,0,4,10,4294967295,0,0
Block,32,480,6E65B278,0,1,4,4294967295,0,0
Block,608,32,C0434605,0,6,2,4294967295,0,0
Block,320,192,3E469E55,0,1,1,4294967295,0,0
Block,320,384,4625B058,0,1,2,4294967295,0,0
Block,192,512,5247CED1,0,5,3,4294967295,0,0
Block,320,448,3A71F537,0,1.5,2,4294967295,0,0
Block,352,512,53F1E17B,0,0.5,3,4294967295,0,0
Block,160,416,3A3E9C0F,0,1,1,4294967295,0,0
Block,704,224,5351E2C3,0,3,7,4294967295,0,0
Block,672,336,DEEFC4E9,0,1,3,4294967295,0,0
Block,928,288,39AF4246,0,8,1,4294967295,0,0
Block,800,32,CF76BF97,0,6,2,4294967295,0,0
Block,800,224,7278BAE7,0,3,5,4294967295,0,0
Block,1056,144,687B2A12,0,4,4.5,4294967295,0,0
Block,1152,320,86981EC9,0,1,2,4294967295,0,0
Block,1184,352,06F85E4A,0,9,1,4294967295,0,0
Block,1440,80,4A68C73E,0,1,1,4294967295,0,0
Block,1472,80,2EED3DEB,0,0.5,9.5,4294967295,0,0
Block,1568,32,EC9AB9BC,0,1,11,4294967295,0,0
Block,1568,384,9D6B3C2F,0,1,7,4294967295,0,0
Block,1184,576,B667EF14,0,12,1,4294967295,0,0
Block,1104,480,D4BD6EC1,0,0.5,4,4294967295,0,0
Block,1120,576,21932F8A,0,2,1,4294967295,0,0
Block,1120,512,546E5BD5,0,1,2,4294967295,0,0
Block,752,576,E07DA657,0,3.5,1,4294967295,0,0
Block,800,384,02ADE027,0,1,2,4294967295,0,0
Block,848,544,A013A48A,0,0.5,1,4294967295,0,0
MusicPlayer,32,32,003C2ED2,0,1,1,4294967295,0,1
Cherry,-48,496,19FF70DC,0,1,1,4294967295,0,0
BulletBlock,-160,448,45D5B31A,0,1,1,4294967295,0,0
SavePointHard,-160,480,4C91C103,0,1,1,4294967295,0,0
TriggerCodeInterval,96,32,DA3E7A24,0,1,1,4294967295,0,1
AshTake,64,416,404E36F4,0,1,1,4294967295,0,0
TriggerCodeInterval,128,32,5B17B282,0,1,1,4294967295,0,1
PersistentBackgrounds,160,32,3BAB6BCB,0,1,1,4294967295,0,0
IceField,224,224,A13CD54C,0,10,5,4294967295,0,0
JumpSwitchBlock,320,224,07739729,0,1,1,4294967295,0,0
JumpSwitchBlock,320,256,6BC9C9B5,0,1,1,4294967295,0,0
JumpSwitchBlock,320,288,08A3C4FD,0,1,1,4294967295,0,0
JumpSwitchBlock,320,320,DDF33427,0,1,1,4294967295,0,0
JumpSwitchBlock,320,352,14715480,0,1,1,4294967295,0,0
JumpSwitchBlock,224,64,5F15D2AF,0,1,1,4294967295,0,0
JumpSwitchBlockOff,224,96,8F89F93A,0,1,1,4294967295,0,0
SingleJumpSwitchBlock,192,64,FC4F93D5,0,1,1,4294967295,0,0
SingleJumpSwitchBlockOff,192,96,76425BBE,0,1,1,4294967295,0,0
DoubleJumpSwitchBlock,160,64,5E8E743D,0,1,1,4294967295,0,0
DoubleJumpSwitchBlockOff,160,96,8E69D700,0,1,1,4294967295,0,0
StopSwitchBlock,-96,256,86964DD2,0,1,1,4294967295,0,0
MoveSwitchBlock,-64,256,C545AB1D,0,1,1,4294967295,0,0
CherryMove,-48,304,7797DB09,0,1,1,4294967295,0,0
CheryStop,-80,304,6769144A,0,1,1,4294967295,0,0
ShootPusher,-112,304,6567EF6C,0,1,1,4294967295,0,0
Jumper,-128,256,1C902F3F,0,1,1,4294967295,0,0
ShootRefresherCherry,-64,320,91E80B1F,0,1,1,4294967295,0,0
ShootBlock,-96,320,062A388E,0,1,1,4294967295,0,0
Pauser,-128,320,FAD2A624,0,1,1,4294967295,0,1
CherryNoInput,-64,304,65C4E501,0,1,1,4294967295,0,0
DoubleJumpSwitchBlock,384,192,F2291737,0,1,1,4294967295,0,0
DoubleJumpSwitchBlock,416,192,9A770A4F,0,1,1,4294967295,0,0
DoubleJumpSwitchBlock,448,192,5AEF00AE,0,1,1,4294967295,0,0
DoubleJumpSwitchBlock,480,192,0E492550,0,1,1,4294967295,0,0
DoubleJumpSwitchBlock,512,192,F6377171,0,1,1,4294967295,0,0
Platform,384,160,B2E45D15,0,5,1,4294967295,0,0
SwitchAny,503,543,15DB2F86,0,1,1,4294967295,90,1
Piston,560,208,97D495B3,0,1,1,4278190320,0,1
Cherry,352,208,D9EAB815,0,1,1,4294967295,0,1
IceField,592,160,34F89EAC,0,3,3.5,4294967295,0,0
CherryDjump,560,64,E7533623,0,1,1,4294967295,0,0
SavePointHard,752,192,4B756BB6,0,1,1,4294967295,0,0
Cherry,560,208,21D71DBB,0,1,1,4294967295,0,0
SavePointHard,128,416,C504ABF5,0,1,1,4294967295,0,0
Platform,592,272,8295D967,0,2.5,1,4294967295,0,0
IceField,1008,160,43838A8B,0,-3,3.5,4294967295,0,0
CherryDjump,1040,64,5D83575D,0,-1,1,4294967295,0,0
SavePointHard,848,192,AC05BC2F,0,-1,1,4294967295,0,0
Platform,928,272,948CBDB9,0,2.5,1,4294967295,0,0
Piston,1312,52,D5A86CCD,0,1,1,4278190335,0,1
Pauser,1296,224,39E8A552,0,1,1,4294967295,0,1
ShootRefresherCherry,1408,272,7561E7FC,0,1,1,4294967295,0,0
Cherry,1536,328,A911AA0D,0,1,1,4294967295,0,0
SavePointHard,448,128,7738ECE4,0,1,1,4294967295,0,0
IceField,1184,384,83899282,0,12,6,4294967295,0,0
CherryDjump,1552,368,B7E43366,0,1,1,4294967295,0,0
ShootRefresherCherry,1168,464,E7B26C26,0,1,1,4294967295,0,0
ShootRefresherCherry,1168,432,B592B054,0,1,1,4294967295,0,0
ShootRefresherCherry,1168,496,7D908A5A,0,1,1,4294967295,0,0
SavePointStandHard,1448,48,CB5B96F5,0,1,1,4294967295,0,0
PlayerStart,64,416,96BD2CE7,0,1,1,4294967295,0,0
