Block,-32,0,003F7A19,0,1,15,4294967295,0,0
Block,0,576,001A25E1,0,25,1,4294967295,0,0
Block,800,0,00401B8D,0,1,18,4294967295,0,0
Block,0,-32,00256BF1,0,25,1,4294967295,0,0
Block,256,544,16F92C93,0,15,1,4294967295,0,0
Block,320,512,5EA7D4F7,0,12,1,4294967295,0,0
Block,352,480,EC2422A5,0,10,1,4294967295,0,0
MusicPlayer,32,32,003C2ED2,0,1,1,4294967295,0,1
NoCaptionHere,64,32,8D26D723,0,1,1,4294967295,0,1
Coin,512,352,7FC6A897,0,1,1,4294967295,0,1
TriggerCode,640,416,3B6D9F83,0,1,1,4294967295,0,1
TriggerInstance,480,352,03E423E4,0,3,2,4294967295,0,1
PlayerStart,32,544,96BD2CE7,0,1,1,4294967295,0,1
SolidSprite,416,300,7828936C,0,1,1,4294967295,0,1
Signpost,496,448,D1110FA1,0,1,1,4294967295,0,1
