Autotiler,32,800,E883BB22,0,1,1,4294967295,0,1
Block,0,1184,001A25E1,0,2,1,4294967295,0,0
Block,256,1152,3D45E327,0,4,2,4294967295,0,0
Block,256,768,FEB5ED90,0,4,5,4294967295,0,0
Block,160,1120,BDEA36B5,0,3,3,4294967295,0,0
Block,0,736,350A6C53,0,1,14,4294967295,0,0
Block,192,672,AACE3596,0,3,3,4294967295,0,0
Block,0,704,D4CDB313,0,2,1,4294967295,0,0
Block,160,0,77E52336,0,1,25,4294967295,0,0
Block,352,608,8ADA08D1,0,6,2,4294967295,0,0
Block,416,1056,1BE93062,0,2,2,4294967295,0,0
Block,384,800,A654CF04,0,3,3,4294967295,0,0
Block,384,896,2677A774,0,1,2,4294967295,0,0
Block,352,928,70DEFA66,0,1,2,4294967295,0,0
Block,480,832,B7802745,0,2,2,4294967295,0,0
Block,192,768,8AA672E1,0,2,2,4294967295,0,0
Block,224,832,2938D0FD,0,1,2,4294967295,0,0
Block,0,0,5BF1C0AB,0,2,22,4294967295,0,0
Block,480,1056,9C09EECC,0,1,3,4294967295,0,0
Block,512,1088,02CFD7DA,0,2,1,4294967295,0,0
Block,544,608,E50BA526,0,12,1,4294967295,0,0
Block,640,992,B407A482,0,4,2,4294967295,0,0
Block,736,1088,5FA3B1AB,0,4,2,4294967295,0,0
Block,736,896,C09A9443,0,2,3,4294967295,0,0
Block,768,800,513227A2,0,2,3,4294967295,0,0
Block,800,896,E0CCFBFA,0,1,4,4294967295,0,0
Block,736,640,22F21232,0,4,5,4294967295,0,0
Block,384,1184,905EFF54,0,5,1,4294967295,0,0
Block,864,1088,19D260F0,0,4,1,4294967295,0,0
Block,1088,992,04EF3389,0,2,4,4294967295,0,0
Block,1152,832,28CC17D2,0,2,7,4294967295,0,0
Block,832,992,90879274,0,1,1,4294967295,0,0
Block,960,768,517413EC,0,9,2,4294967295,0,0
Block,1056,832,AB54F766,0,3,1,4294967295,0,0
Block,1216,832,940DAA42,0,2,2,4294967295,0,0
Block,416,896,2F1F9E61,0,5,1,4294967295,0,0
Block,384,576,DE7C171A,0,15,1,4294967295,0,0
Block,64,-128,10082B3E,0,3,1,4294967295,0,0
Block,160,-128,E56B6B8F,0,1,4,4294967295,0,0
Block,32,-128,94A9C1FD,0,1,4,4294967295,0,0
Block,32,1216,58029F51,0,4.5,0.5,4294967295,0,0
MusicPlayer,32,768,003C2ED2,0,1,1,4294967295,0,1
SavePointHard,96,1152,A288999F,0,1,1,4294967295,0,0
BreakableBlock,64,576,A690505E,0,1,1,4294967295,0,0
BreakableBlock,96,576,637018C2,0,1,1,4294967295,0,0
BreakableBlock,128,576,A17A32F5,0,1,1,4294967295,0,0
BreakableBlock,256,928,B87B82B1,0,1,1,4294967295,0,0
BreakableBlock,256,960,9E0AD6E6,0,1,1,4294967295,0,0
BreakableBlock,256,992,2AB9087A,0,1,1,4294967295,0,0
BreakableBlock,256,1024,728A470F,0,1,1,4294967295,0,0
BreakableBlock,256,1056,46A988A1,0,1,1,4294967295,0,0
BreakableBlock,288,1056,EE50A3BD,0,1,1,4294967295,0,0
BreakableBlock,288,1088,F88249EB,0,1,1,4294967295,0,0
BreakableBlock,288,1120,B9A1BD7A,0,1,1,4294967295,0,0
BreakableBlock,256,1088,B69D131A,0,1,1,4294967295,0,0
BreakableBlock,256,1120,4B93AF81,0,1,1,4294967295,0,0
BreakableBlock,320,1120,3D1E937B,0,1,1,4294967295,0,0
BreakableBlock,320,1088,9115B72C,0,1,1,4294967295,0,0
BreakableBlock,320,1056,A5108D9D,0,1,1,4294967295,0,0
BreakableBlock,320,1024,2B3BCA31,0,1,1,4294967295,0,0
BreakableBlock,320,992,29829F1F,0,1,1,4294967295,0,0
BreakableBlock,320,960,13878B27,0,1,1,4294967295,0,0
BreakableBlock,320,928,632F94DB,0,1,1,4294967295,0,0
BreakableBlock,288,928,8F783C06,0,1,1,4294967295,0,0
BreakableBlock,288,960,E64CC7BE,0,1,1,4294967295,0,0
BreakableBlock,288,992,5433AE92,0,1,1,4294967295,0,0
BreakableBlock,288,1024,6BF0A887,0,1,1,4294967295,0,0
TriNiTrotoluene,224,1088,222A86C0,0,1,1,4294967295,0,0
TriNiTrotoluene,288,1024,A2A3430F,0,1,1,4294967295,0,0
TriNiTrotoluene,192,1088,719A7469,0,1,1,4294967295,0,0
AshGive,96,-64,9485C96E,0,1,1,4294967295,0,0
PlayerStart,96,-64,96BD2CE7,0,1,1,4294967295,0,0
CatharsisWater,64,-96,21ADC617,0,3,3,4294967295,0,0
Water3,64,1200,65C3A4DD,0,3,0.5,4294967295,0,0
