tile_IWBTG,64,320,32,0,32,32,0,1,1,4282400832
tile_IWBTG,32,320,32,0,32,32,0,1,1,4282400832
tile_IWBTG,96,320,32,0,32,32,0,1,1,4282400832
tile_IWBTG,128,320,32,0,32,32,0,1,1,4282400832
tile_IWBTG,160,320,32,0,32,32,0,1,1,4282400832
tile_IWBTG,192,320,32,0,32,32,0,1,1,4282400832
tile_IWBTG,224,320,32,0,32,32,0,1,1,4282400832
tile_IWBTG,288,320,32,0,32,32,0,1,1,4282400832
tile_IWBTG,256,320,32,0,32,32,0,1,1,4282400832
tile_IWBTG,256,288,32,0,32,32,0,1,1,4282400832
tile_IWBTG,288,288,32,0,32,32,0,1,1,4282400832
tile_IWBTG,32,256,32,0,32,32,0,1,1,4282400832
tile_IWBTG,96,256,32,0,32,32,0,1,1,4282400832
tile_IWBTG,64,256,32,0,32,32,0,1,1,4282400832
tile_IWBTG,128,256,32,0,32,32,0,1,1,4282400832
tile_IWBTG,160,256,32,0,32,32,0,1,1,4282400832
tile_IWBTG,160,224,32,0,32,32,0,1,1,4282400832
tile_IWBTG,32,224,32,0,32,32,0,1,1,4282400832
tile_IWBTG,32,192,32,0,32,32,0,1,1,4282400832
tile_IWBTG,32,160,32,0,32,32,0,1,1,4282400832
tile_IWBTG,32,128,32,0,32,32,0,1,1,4282400832
tile_IWBTG,32,96,32,0,32,32,0,1,1,4282400832
tile_IWBTG,64,64,32,0,32,32,0,1,1,4282400832
tile_IWBTG,96,64,32,0,32,32,0,1,1,4282400832
tile_IWBTG,128,64,32,0,32,32,0,1,1,4282400832
tile_IWBTG,160,96,32,0,32,32,0,1,1,4282400832
tile_IWBTG,160,160,32,0,32,32,0,1,1,4282400832
tile_IWBTG,160,128,32,0,32,32,0,1,1,4282400832
tile_IWBTG,32,32,32,0,32,32,0,1,1,4282400832
tile_IWBTG,64,32,32,0,32,32,0,1,1,4282400832
tile_IWBTG,96,32,32,0,32,32,0,1,1,4282400832
tile_IWBTG,128,32,32,0,32,32,0,1,1,4282400832
tile_IWBTG,160,32,32,0,32,32,0,1,1,4282400832
tile_IWBTG,192,32,32,0,32,32,0,1,1,4282400832
tile_IWBTG,192,224,32,0,32,32,0,1,1,4282400832
tile_IWBTG,192,256,32,0,32,32,0,1,1,4282400832
tile_IWBTG,224,256,32,0,32,32,0,1,1,4282400832
tile_IWBTG,224,224,32,0,32,32,0,1,1,4282400832
tile_IWBTG,224,192,32,0,32,32,0,1,1,4282400832
tile_IWBTG,224,160,32,0,32,32,0,1,1,4282400832
tile_IWBTG,224,128,32,0,32,32,0,1,1,4282400832
tile_IWBTG,224,96,32,0,32,32,0,1,1,4282400832
tile_IWBTG,224,64,32,0,32,32,0,1,1,4282400832
tile_IWBTG,224,32,32,0,32,32,0,1,1,4282400832
tile_IWBTG,256,32,32,0,32,32,0,1,1,4282400832
tile_IWBTG,288,32,32,0,32,32,0,1,1,4282400832
tile_IWBTG,256,64,32,0,32,32,0,1,1,4282400832
tile_IWBTG,288,64,32,0,32,32,0,1,1,4282400832
tile_IWBTG,320,64,32,0,32,32,0,1,1,4282400832
tile_IWBTG,288,96,32,0,32,32,0,1,1,4282400832
tile_IWBTG,320,96,32,0,32,32,0,1,1,4282400832
tile_IWBTG,256,128,32,0,32,32,0,1,1,4282400832
tile_IWBTG,288,128,32,0,32,32,0,1,1,4282400832
tile_IWBTG,352,128,32,0,32,32,0,1,1,4282400832
tile_IWBTG,320,128,32,0,32,32,0,1,1,4282400832
tile_IWBTG,256,160,32,0,32,32,0,1,1,4282400832
tile_IWBTG,288,160,32,0,32,32,0,1,1,4282400832
tile_IWBTG,320,192,32,0,32,32,0,1,1,4282400832
tile_IWBTG,288,192,32,0,32,32,0,1,1,4282400832
tile_IWBTG,320,160,32,0,32,32,0,1,1,4282400832
tile_IWBTG,320,224,32,0,32,32,0,1,1,4282400832
tile_IWBTG,288,224,32,0,32,32,0,1,1,4282400832
tile_IWBTG,288,256,32,0,32,32,0,1,1,4282400832
tile_IWBTG,320,256,32,0,32,32,0,1,1,4282400832
tile_IWBTG,352,192,32,0,32,32,0,1,1,4282400832
tile_IWBTG,352,224,32,0,32,32,0,1,1,4282400832
tile_IWBTG,352,256,32,0,32,32,0,1,1,4282400832
tile_IWBTG,352,96,32,0,32,32,0,1,1,4282400832
tile_IWBTG,352,64,32,0,32,32,0,1,1,4282400832
tile_IWBTG,352,32,32,0,32,32,0,1,1,4282400832
tile_IWBTG,384,32,32,0,32,32,0,1,1,4282400832
tile_IWBTG,384,64,32,0,32,32,0,1,1,4282400832
tile_IWBTG,384,96,32,0,32,32,0,1,1,4282400832
tile_IWBTG,384,128,32,0,32,32,0,1,1,4282400832
tile_IWBTG,384,160,32,0,32,32,0,1,1,4282400832
tile_IWBTG,352,160,32,0,32,32,0,1,1,4282400832
tile_IWBTG,384,192,32,0,32,32,0,1,1,4282400832
tile_IWBTG,384,224,32,0,32,32,0,1,1,4282400832
tile_IWBTG,384,256,32,0,32,32,0,1,1,4282400832
tile_IWBTG,416,256,32,0,32,32,0,1,1,4282400832
tile_IWBTG,448,256,32,0,32,32,0,1,1,4282400832
tile_IWBTG,480,256,32,0,32,32,0,1,1,4282400832
tile_IWBTG,480,224,32,0,32,32,0,1,1,4282400832
tile_IWBTG,448,224,32,0,32,32,0,1,1,4282400832
tile_IWBTG,416,224,32,0,32,32,0,1,1,4282400832
tile_IWBTG,416,192,32,0,32,32,0,1,1,4282400832
tile_IWBTG,448,192,32,0,32,32,0,1,1,4282400832
tile_IWBTG,480,192,32,0,32,32,0,1,1,4282400832
tile_IWBTG,512,192,32,0,32,32,0,1,1,4282400832
tile_IWBTG,512,224,32,0,32,32,0,1,1,4282400832
tile_IWBTG,544,192,32,0,32,32,0,1,1,4282400832
tile_IWBTG,544,224,32,0,32,32,0,1,1,4282400832
tile_IWBTG,608,224,32,0,32,32,0,1,1,4282400832
tile_IWBTG,640,224,32,0,32,32,0,1,1,4282400832
tile_IWBTG,608,192,32,0,32,32,0,1,1,4282400832
tile_IWBTG,576,192,32,0,32,32,0,1,1,4282400832
tile_IWBTG,576,224,32,0,32,32,0,1,1,4282400832
tile_IWBTG,608,160,32,0,32,32,0,1,1,4282400832
tile_IWBTG,576,160,32,0,32,32,0,1,1,4282400832
tile_IWBTG,544,160,32,0,32,32,0,1,1,4282400832
tile_IWBTG,512,160,32,0,32,32,0,1,1,4282400832
tile_IWBTG,480,160,32,0,32,32,0,1,1,4282400832
tile_IWBTG,448,160,32,0,32,32,0,1,1,4282400832
tile_IWBTG,416,160,32,0,32,32,0,1,1,4282400832
tile_IWBTG,416,128,32,0,32,32,0,1,1,4282400832
tile_IWBTG,480,128,32,0,32,32,0,1,1,4282400832
tile_IWBTG,448,128,32,0,32,32,0,1,1,4282400832
tile_IWBTG,512,128,32,0,32,32,0,1,1,4282400832
tile_IWBTG,544,128,32,0,32,32,0,1,1,4282400832
tile_IWBTG,576,128,32,0,32,32,0,1,1,4282400832
tile_IWBTG,608,128,32,0,32,32,0,1,1,4282400832
tile_IWBTG,640,128,32,0,32,32,0,1,1,4282400832
tile_IWBTG,640,160,32,0,32,32,0,1,1,4282400832
tile_IWBTG,640,192,32,0,32,32,0,1,1,4282400832
tile_IWBTG,640,96,32,0,32,32,0,1,1,4282400832
tile_IWBTG,576,96,32,0,32,32,0,1,1,4282400832
tile_IWBTG,544,96,32,0,32,32,0,1,1,4282400832
tile_IWBTG,512,96,32,0,32,32,0,1,1,4282400832
tile_IWBTG,480,96,32,0,32,32,0,1,1,4282400832
tile_IWBTG,448,96,32,0,32,32,0,1,1,4282400832
tile_IWBTG,416,96,32,0,32,32,0,1,1,4282400832
tile_IWBTG,416,64,32,0,32,32,0,1,1,4282400832
tile_IWBTG,416,32,32,0,32,32,0,1,1,4282400832
tile_IWBTG,448,32,32,0,32,32,0,1,1,4282400832
tile_IWBTG,448,64,32,0,32,32,0,1,1,4282400832
tile_IWBTG,480,64,32,0,32,32,0,1,1,4282400832
tile_IWBTG,480,32,32,0,32,32,0,1,1,4282400832
tile_IWBTG,512,64,32,0,32,32,0,1,1,4282400832
tile_IWBTG,512,32,32,0,32,32,0,1,1,4282400832
tile_IWBTG,544,64,32,0,32,32,0,1,1,4282400832
tile_IWBTG,544,32,32,0,32,32,0,1,1,4282400832
tile_IWBTG,576,32,32,0,32,32,0,1,1,4282400832
tile_IWBTG,576,64,32,0,32,32,0,1,1,4282400832
tile_IWBTG,608,64,32,0,32,32,0,1,1,4282400832
tile_IWBTG,608,32,32,0,32,32,0,1,1,4282400832
tile_IWBTG,640,64,32,0,32,32,0,1,1,4282400832
tile_IWBTG,608,96,32,0,32,32,0,1,1,4282400832
tile_IWBTG,640,32,32,0,32,32,0,1,1,4282400832
tile_IWBTG,736,32,32,0,32,32,0,1,1,4282400832
tile_IWBTG,704,32,32,0,32,32,0,1,1,4282400832
tile_IWBTG,672,32,32,0,32,32,0,1,1,4282400832
tile_IWBTG,736,64,32,0,32,32,0,1,1,4282400832
tile_IWBTG,704,96,32,0,32,32,0,1,1,4282400832
tile_IWBTG,736,96,32,0,32,32,0,1,1,4282400832
tile_IWBTG,704,128,32,0,32,32,0,1,1,4282400832
tile_IWBTG,736,128,32,0,32,32,0,1,1,4282400832
tile_IWBTG,704,160,32,0,32,32,0,1,1,4282400832
tile_IWBTG,736,160,32,0,32,32,0,1,1,4282400832
tile_IWBTG,704,192,32,0,32,32,0,1,1,4282400832
tile_IWBTG,736,192,32,0,32,32,0,1,1,4282400832
tile_IWBTG,704,224,32,0,32,32,0,1,1,4282400832
tile_IWBTG,736,224,32,0,32,32,0,1,1,4282400832
tile_IWBTG,736,256,32,0,32,32,0,1,1,4282400832
tile_IWBTG,704,288,32,0,32,32,0,1,1,4282400832
tile_IWBTG,736,288,32,0,32,32,0,1,1,4282400832
tile_IWBTG,320,352,32,0,32,32,0,1,1,4282400832
tile_IWBTG,320,416,32,0,32,32,0,1,1,4282400832
tile_IWBTG,320,448,32,0,32,32,0,1,1,4282400832
tile_IWBTG,320,320,32,0,32,32,0,1,1,4282400832
tile_IWBTG,352,320,32,0,32,32,0,1,1,4282400832
tile_IWBTG,352,352,32,0,32,32,0,1,1,4282400832
tile_IWBTG,352,384,32,0,32,32,0,1,1,4282400832
tile_IWBTG,320,384,32,0,32,32,0,1,1,4282400832
tile_IWBTG,352,416,32,0,32,32,0,1,1,4282400832
tile_IWBTG,352,448,32,0,32,32,0,1,1,4282400832
tile_IWBTG,384,448,32,0,32,32,0,1,1,4282400832
tile_IWBTG,384,416,32,0,32,32,0,1,1,4282400832
tile_IWBTG,384,384,32,0,32,32,0,1,1,4282400832
tile_IWBTG,384,352,32,0,32,32,0,1,1,4282400832
tile_IWBTG,384,320,32,0,32,32,0,1,1,4282400832
tile_IWBTG,416,352,32,0,32,32,0,1,1,4282400832
tile_IWBTG,416,416,32,0,32,32,0,1,1,4282400832
tile_IWBTG,416,448,32,0,32,32,0,1,1,4282400832
tile_IWBTG,416,320,32,0,32,32,0,1,1,4282400832
tile_IWBTG,448,320,32,0,32,32,0,1,1,4282400832
tile_IWBTG,448,352,32,0,32,32,0,1,1,4282400832
tile_IWBTG,448,384,32,0,32,32,0,1,1,4282400832
tile_IWBTG,416,384,32,0,32,32,0,1,1,4282400832
tile_IWBTG,448,416,32,0,32,32,0,1,1,4282400832
tile_IWBTG,448,448,32,0,32,32,0,1,1,4282400832
tile_IWBTG,480,448,32,0,32,32,0,1,1,4282400832
tile_IWBTG,480,416,32,0,32,32,0,1,1,4282400832
tile_IWBTG,480,384,32,0,32,32,0,1,1,4282400832
tile_IWBTG,480,352,32,0,32,32,0,1,1,4282400832
tile_IWBTG,480,320,32,0,32,32,0,1,1,4282400832
tile_IWBTG,512,352,32,0,32,32,0,1,1,4282400832
tile_IWBTG,512,416,32,0,32,32,0,1,1,4282400832
tile_IWBTG,512,448,32,0,32,32,0,1,1,4282400832
tile_IWBTG,512,320,32,0,32,32,0,1,1,4282400832
tile_IWBTG,544,320,32,0,32,32,0,1,1,4282400832
tile_IWBTG,544,352,32,0,32,32,0,1,1,4282400832
tile_IWBTG,544,384,32,0,32,32,0,1,1,4282400832
tile_IWBTG,512,384,32,0,32,32,0,1,1,4282400832
tile_IWBTG,544,416,32,0,32,32,0,1,1,4282400832
tile_IWBTG,544,448,32,0,32,32,0,1,1,4282400832
tile_IWBTG,576,448,32,0,32,32,0,1,1,4282400832
tile_IWBTG,576,416,32,0,32,32,0,1,1,4282400832
tile_IWBTG,576,384,32,0,32,32,0,1,1,4282400832
tile_IWBTG,576,352,32,0,32,32,0,1,1,4282400832
tile_IWBTG,576,320,32,0,32,32,0,1,1,4282400832
tile_IWBTG,608,352,32,0,32,32,0,1,1,4282400832
tile_IWBTG,608,416,32,0,32,32,0,1,1,4282400832
tile_IWBTG,608,448,32,0,32,32,0,1,1,4282400832
tile_IWBTG,608,320,32,0,32,32,0,1,1,4282400832
tile_IWBTG,640,320,32,0,32,32,0,1,1,4282400832
tile_IWBTG,640,352,32,0,32,32,0,1,1,4282400832
tile_IWBTG,640,384,32,0,32,32,0,1,1,4282400832
tile_IWBTG,608,384,32,0,32,32,0,1,1,4282400832
tile_IWBTG,640,416,32,0,32,32,0,1,1,4282400832
tile_IWBTG,640,448,32,0,32,32,0,1,1,4282400832
tile_IWBTG,672,448,32,0,32,32,0,1,1,4282400832
tile_IWBTG,672,416,32,0,32,32,0,1,1,4282400832
tile_IWBTG,672,384,32,0,32,32,0,1,1,4282400832
tile_IWBTG,672,352,32,0,32,32,0,1,1,4282400832
tile_IWBTG,672,320,32,0,32,32,0,1,1,4282400832
tile_IWBTG,704,352,32,0,32,32,0,1,1,4282400832
tile_IWBTG,704,416,32,0,32,32,0,1,1,4282400832
tile_IWBTG,704,448,32,0,32,32,0,1,1,4282400832
tile_IWBTG,704,320,32,0,32,32,0,1,1,4282400832
tile_IWBTG,736,320,32,0,32,32,0,1,1,4282400832
tile_IWBTG,736,352,32,0,32,32,0,1,1,4282400832
tile_IWBTG,736,384,32,0,32,32,0,1,1,4282400832
tile_IWBTG,704,384,32,0,32,32,0,1,1,4282400832
tile_IWBTG,736,416,32,0,32,32,0,1,1,4282400832
tile_IWBTG,736,448,32,0,32,32,0,1,1,4282400832
tile_IWBTG,768,448,32,0,32,32,0,1,1,4282400832
tile_IWBTG,768,416,32,0,32,32,0,1,1,4282400832
tile_IWBTG,768,384,32,0,32,32,0,1,1,4282400832
tile_IWBTG,768,352,32,0,32,32,0,1,1,4282400832
tile_IWBTG,768,320,32,0,32,32,0,1,1,4282400832
tile_IWBTG,320,480,32,0,32,32,0,1,1,4282400832
tile_IWBTG,320,512,32,0,32,32,0,1,1,4282400832
tile_IWBTG,352,512,32,0,32,32,0,1,1,4282400832
tile_IWBTG,352,480,32,0,32,32,0,1,1,4282400832
tile_IWBTG,384,480,32,0,32,32,0,1,1,4282400832
tile_IWBTG,384,512,32,0,32,32,0,1,1,4282400832
tile_IWBTG,416,512,32,0,32,32,0,1,1,4282400832
tile_IWBTG,416,480,32,0,32,32,0,1,1,4282400832
tile_IWBTG,448,480,32,0,32,32,0,1,1,4282400832
tile_IWBTG,448,512,32,0,32,32,0,1,1,4282400832
tile_IWBTG,480,512,32,0,32,32,0,1,1,4282400832
tile_IWBTG,480,480,32,0,32,32,0,1,1,4282400832
tile_IWBTG,512,480,32,0,32,32,0,1,1,4282400832
tile_IWBTG,512,512,32,0,32,32,0,1,1,4282400832
tile_IWBTG,544,512,32,0,32,32,0,1,1,4282400832
tile_IWBTG,544,480,32,0,32,32,0,1,1,4282400832
tile_IWBTG,576,480,32,0,32,32,0,1,1,4282400832
tile_IWBTG,576,512,32,0,32,32,0,1,1,4282400832
tile_IWBTG,608,512,32,0,32,32,0,1,1,4282400832
tile_IWBTG,608,480,32,0,32,32,0,1,1,4282400832
tile_IWBTG,640,480,32,0,32,32,0,1,1,4282400832
tile_IWBTG,640,512,32,0,32,32,0,1,1,4282400832
tile_IWBTG,672,512,32,0,32,32,0,1,1,4282400832
tile_IWBTG,672,480,32,0,32,32,0,1,1,4282400832
tile_IWBTG,704,480,32,0,32,32,0,1,1,4282400832
tile_IWBTG,704,512,32,0,32,32,0,1,1,4282400832
tile_IWBTG,736,512,32,0,32,32,0,1,1,4282400832
tile_IWBTG,736,480,32,0,32,32,0,1,1,4282400832
tile_IWBTG,640,544,32,0,32,32,0,1,1,4282400832
tile_IWBTG,736,544,32,0,32,32,0,1,1,4282400832
tile_IWBTG,672,544,32,0,32,32,0,1,1,4282400832
tile_IWBTG,704,544,32,0,32,32,0,1,1,4282400832
tile_IWBTG,512,544,32,0,32,32,0,1,1,4282400832
tile_IWBTG,544,544,32,0,32,32,0,1,1,4282400832
tile_IWBTG,448,544,32,0,32,32,0,1,1,4282400832
tile_IWBTG,480,544,32,0,32,32,0,1,1,4282400832
tile_IWBTG,384,544,32,0,32,32,0,1,1,4282400832
tile_IWBTG,416,544,32,0,32,32,0,1,1,4282400832
tile_IWBTG,320,544,32,0,32,32,0,1,1,4282400832
tile_IWBTG,352,544,32,0,32,32,0,1,1,4282400832
tile_IWBTG,352,576,32,0,32,32,0,1,1,4282400832
tile_IWBTG,544,288,32,0,32,32,0,1,1,4282400832
tile_IWBTG,576,288,32,0,32,32,0,1,1,4282400832
tile_IWBTG,608,288,32,0,32,32,0,1,1,4282400832
tile_IWBTG,640,288,32,0,32,32,0,1,1,4282400832
tile_IWBTG,768,512,32,0,32,32,0,1,1,4282400832
tile_IWBTG,160,192,32,0,32,32,0,1,1,4282400832
tile_IWBTG,256,96,32,0,32,32,0,1,1,4282400832
tile_IWBTG,256,192,32,0,32,32,0,1,1,4282400832
tile_IWBTG,256,256,32,0,32,32,0,1,1,4282400832
tile_IWBTG,256,224,32,0,32,32,0,1,1,4282400832
tile_IWBTG,320,32,32,0,32,32,0,1,1,4282400832
tile_IWBTG,224,0,32,0,32,32,0,1,1,4282400832
tile_IWBTG,256,0,32,0,32,32,0,1,1,4282400832
tile_IWBTG,320,0,32,0,32,32,0,1,1,4282400832
tile_IWBTG,352,0,32,0,32,32,0,1,1,4282400832
tile_IWBTG,288,0,32,0,32,32,0,1,1,4282400832
tile_IWBTG,0,320,32,0,32,32,0,1,1,4282400832
tile_IWBTG,32,352,32,0,32,32,0,1,1,4282400832
tile_IWBTG,64,352,32,0,32,32,0,1,1,4282400832
tile_IWBTG,32,384,32,0,32,32,0,1,1,4282400832
tile_IWBTG,32,416,32,0,32,32,0,1,1,4282400832
tile_IWBTG,64,384,32,0,32,32,0,1,1,4282400832
tile_IWBTG,128,384,32,0,32,32,0,1,1,4282400832
tile_IWBTG,96,384,32,0,32,32,0,1,1,4282400832
tile_IWBTG,160,384,32,0,32,32,0,1,1,4282400832
tile_IWBTG,224,384,32,0,32,32,0,1,1,4282400832
tile_IWBTG,192,384,32,0,32,32,0,1,1,4282400832
tile_IWBTG,288,384,32,0,32,32,0,1,1,4282400832
tile_IWBTG,256,384,32,0,32,32,0,1,1,4282400832
tile_IWBTG,256,416,32,0,32,32,0,1,1,4282400832
tile_IWBTG,288,416,32,0,32,32,0,1,1,4282400832
tile_IWBTG,288,448,32,0,32,32,0,1,1,4282400832
tile_IWBTG,256,448,32,0,32,32,0,1,1,4282400832
tile_IWBTG,64,448,32,0,32,32,0,1,1,4282400832
tile_IWBTG,64,480,32,0,32,32,0,1,1,4282400832
tile_IWBTG,32,480,32,0,32,32,0,1,1,4282400832
tile_IWBTG,32,512,32,0,32,32,0,1,1,4282400832
tile_IWBTG,32,544,32,0,32,32,0,1,1,4282400832
tile_IWBTG,96,544,32,0,32,32,0,1,1,4282400832
tile_IWBTG,64,512,32,0,32,32,0,1,1,4282400832
tile_IWBTG,64,544,32,0,32,32,0,1,1,4282400832
tile_IWBTG,96,512,32,0,32,32,0,1,1,4282400832
tile_IWBTG,96,480,32,0,32,32,0,1,1,4282400832
tile_IWBTG,96,448,32,0,32,32,0,1,1,4282400832
tile_IWBTG,128,448,32,0,32,32,0,1,1,4282400832
tile_IWBTG,192,448,32,0,32,32,0,1,1,4282400832
tile_IWBTG,224,448,32,0,32,32,0,1,1,4282400832
tile_IWBTG,160,448,32,0,32,32,0,1,1,4282400832
tile_IWBTG,128,480,32,0,32,32,0,1,1,4282400832
tile_IWBTG,192,480,32,0,32,32,0,1,1,4282400832
tile_IWBTG,160,480,32,0,32,32,0,1,1,4282400832
tile_IWBTG,128,512,32,0,32,32,0,1,1,4282400832
tile_IWBTG,160,512,32,0,32,32,0,1,1,4282400832
tile_IWBTG,128,544,32,0,32,32,0,1,1,4282400832
tile_IWBTG,160,544,32,0,32,32,0,1,1,4282400832
tile_IWBTG,192,544,32,0,32,32,0,1,1,4282400832
tile_IWBTG,224,544,32,0,32,32,0,1,1,4282400832
tile_IWBTG,256,544,32,0,32,32,0,1,1,4282400832
tile_IWBTG,288,544,32,0,32,32,0,1,1,4282400832
tile_IWBTG,288,512,32,0,32,32,0,1,1,4282400832
tile_IanExtendedSlope,64,96,208,304,32,32,0,1,1,4282400832
tile_IanExtendedSlope,128,96,176,304,32,32,0,1,1,4282400832
tile_IWBTG,128,224,416,64,32,32,0,1,1,4282400832
tile_IWBTG,64,224,448,64,32,32,0,1,1,4282400832
tile_portal32,832,0,32,0,32,32,0,1,1,4294967295
tile_portal32,832,32,32,0,32,32,0,1,1,4294967295
tile_portal32,832,64,32,0,32,32,0,1,1,4294967295
tile_portal32,832,96,32,0,32,32,0,1,1,4294967295
tile_portal32,832,128,32,0,32,32,0,1,1,4294967295
tile_portal32,832,160,32,0,32,32,0,1,1,4294967295
tile_portal32,832,192,32,0,32,32,0,1,1,4294967295
tile_portal32,832,224,32,0,32,32,0,1,1,4294967295
tile_portal32,832,288,32,0,32,32,0,1,1,4294967295
tile_portal32,832,320,32,0,32,32,0,1,1,4294967295
tile_portal32,832,352,32,0,32,32,0,1,1,4294967295
tile_portal32,832,384,32,0,32,32,0,1,1,4294967295
tile_portal32,832,416,32,0,32,32,0,1,1,4294967295
tile_portal32,832,448,32,0,32,32,0,1,1,4294967295
tile_portal32,832,480,32,0,32,32,0,1,1,4294967295
tile_portal32,832,512,32,0,32,32,0,1,1,4294967295
tile_portal32,832,544,32,0,32,32,0,1,1,4294967295
tile_portal32,864,576,32,0,32,32,0,1,1,4294967295
tile_portal32,896,512,32,0,32,32,0,1,1,4294967295
tile_portal32,896,480,32,0,32,32,0,1,1,4294967295
tile_portal32,896,448,32,0,32,32,0,1,1,4294967295
tile_portal32,896,416,32,0,32,32,0,1,1,4294967295
tile_portal32,896,384,32,0,32,32,0,1,1,4294967295
tile_portal32,896,352,32,0,32,32,0,1,1,4294967295
tile_portal32,896,320,32,0,32,32,0,1,1,4294967295
tile_portal32,896,288,32,0,32,32,0,1,1,4294967295
tile_portal32,896,256,32,0,32,32,0,1,1,4294967295
tile_portal32,864,224,32,0,32,32,0,1,1,4294967295
tile_portal32,864,192,32,0,32,32,0,1,1,4294967295
tile_portal32,864,128,32,0,32,32,0,1,1,4294967295
tile_portal32,864,96,32,0,32,32,0,1,1,4294967295
tile_portal32,864,64,32,0,32,32,0,1,1,4294967295
tile_portal32,864,32,32,0,32,32,0,1,1,4294967295
tile_portal32,864,0,32,0,32,32,0,1,1,4294967295
tile_portal32,896,0,32,0,32,32,0,1,1,4294967295
tile_portal32,896,32,32,0,32,32,0,1,1,4294967295
tile_portal32,896,64,32,0,32,32,0,1,1,4294967295
tile_portal32,896,96,32,0,32,32,0,1,1,4294967295
tile_portal32,896,128,32,0,32,32,0,1,1,4294967295
tile_portal32,896,160,32,0,32,32,0,1,1,4294967295
tile_portal32,896,192,32,0,32,32,0,1,1,4294967295
tile_portal32,896,224,32,0,32,32,0,1,1,4294967295
tile_portal32,864,320,32,0,32,32,0,1,1,4294967295
tile_portal32,864,352,32,0,32,32,0,1,1,4294967295
tile_portal32,864,384,32,0,32,32,0,1,1,4294967295
tile_portal32,864,416,32,0,32,32,0,1,1,4294967295
tile_portal32,864,448,32,0,32,32,0,1,1,4294967295
tile_portal32,864,480,32,0,32,32,0,1,1,4294967295
tile_portal32,864,512,32,0,32,32,0,1,1,4294967295
tile_portal32,864,544,32,0,32,32,0,1,1,4294967295
tile_portal32,800,544,32,0,32,32,0,1,1,4294967295
tile_portal32,800,512,32,0,32,32,0,1,1,4294967295
tile_portal32,800,480,32,0,32,32,0,1,1,4294967295
tile_portal32,800,448,32,0,32,32,0,1,1,4294967295
tile_portal32,800,416,32,0,32,32,0,1,1,4294967295
tile_portal32,800,384,32,0,32,32,0,1,1,4294967295
tile_portal32,800,352,32,0,32,32,0,1,1,4294967295
tile_portal32,800,320,32,0,32,32,0,1,1,4294967295
tile_portal32,928,0,32,0,32,32,0,1,1,4294967295
tile_portal32,928,32,32,0,32,32,0,1,1,4294967295
tile_portal32,928,64,32,0,32,32,0,1,1,4294967295
tile_portal32,928,96,32,0,32,32,0,1,1,4294967295
tile_portal32,928,128,32,0,32,32,0,1,1,4294967295
tile_portal32,928,160,32,0,32,32,0,1,1,4294967295
tile_portal32,928,192,32,0,32,32,0,1,1,4294967295
tile_portal32,928,256,32,0,32,32,0,1,1,4294967295
tile_portal32,928,288,32,0,32,32,0,1,1,4294967295
tile_portal32,928,320,32,0,32,32,0,1,1,4294967295
tile_portal32,928,352,32,0,32,32,0,1,1,4294967295
tile_portal32,928,384,32,0,32,32,0,1,1,4294967295
tile_portal32,928,416,32,0,32,32,0,1,1,4294967295
tile_portal32,928,512,32,0,32,32,0,1,1,4294967295
tile_portal32,960,512,32,0,32,32,0,1,1,4294967295
tile_portal32,960,480,32,0,32,32,0,1,1,4294967295
tile_portal32,960,448,32,0,32,32,0,1,1,4294967295
tile_portal32,960,416,32,0,32,32,0,1,1,4294967295
tile_portal32,960,384,32,0,32,32,0,1,1,4294967295
tile_portal32,960,352,32,0,32,32,0,1,1,4294967295
tile_portal32,960,320,32,0,32,32,0,1,1,4294967295
tile_portal32,960,288,32,0,32,32,0,1,1,4294967295
tile_portal32,960,256,32,0,32,32,0,1,1,4294967295
tile_portal32,960,192,32,0,32,32,0,1,1,4294967295
tile_portal32,960,160,32,0,32,32,0,1,1,4294967295
tile_portal32,960,128,32,0,32,32,0,1,1,4294967295
tile_portal32,960,96,32,0,32,32,0,1,1,4294967295
tile_portal32,960,64,32,0,32,32,0,1,1,4294967295
tile_portal32,960,32,32,0,32,32,0,1,1,4294967295
tile_portal32,960,0,32,0,32,32,0,1,1,4294967295
tile_portal32,992,0,32,0,32,32,0,1,1,4294967295
tile_portal32,1024,0,32,0,32,32,0,1,1,4294967295
tile_portal32,1024,32,32,0,32,32,0,1,1,4294967295
tile_portal32,1024,64,32,0,32,32,0,1,1,4294967295
tile_portal32,992,64,32,0,32,32,0,1,1,4294967295
tile_portal32,992,96,32,0,32,32,0,1,1,4294967295
tile_portal32,992,128,32,0,32,32,0,1,1,4294967295
tile_portal32,992,160,32,0,32,32,0,1,1,4294967295
tile_portal32,992,192,32,0,32,32,0,1,1,4294967295
tile_portal32,992,256,32,0,32,32,0,1,1,4294967295
tile_portal32,992,320,32,0,32,32,0,1,1,4294967295
tile_portal32,992,352,32,0,32,32,0,1,1,4294967295
tile_portal32,992,384,32,0,32,32,0,1,1,4294967295
tile_portal32,992,416,32,0,32,32,0,1,1,4294967295
tile_portal32,992,448,32,0,32,32,0,1,1,4294967295
tile_portal32,992,480,32,0,32,32,0,1,1,4294967295
tile_portal32,992,512,32,0,32,32,0,1,1,4294967295
tile_portal32,1024,512,32,0,32,32,0,1,1,4294967295
tile_portal32,1024,480,32,0,32,32,0,1,1,4294967295
tile_portal32,1024,448,32,0,32,32,0,1,1,4294967295
tile_portal32,1024,416,32,0,32,32,0,1,1,4294967295
tile_portal32,1024,384,32,0,32,32,0,1,1,4294967295
tile_portal32,1024,352,32,0,32,32,0,1,1,4294967295
tile_portal32,1024,320,32,0,32,32,0,1,1,4294967295
tile_portal32,1024,288,32,0,32,32,0,1,1,4294967295
tile_portal32,1024,256,32,0,32,32,0,1,1,4294967295
tile_portal32,1024,192,32,0,32,32,0,1,1,4294967295
tile_portal32,1024,160,32,0,32,32,0,1,1,4294967295
tile_portal32,1024,128,32,0,32,32,0,1,1,4294967295
tile_portal32,1024,96,32,0,32,32,0,1,1,4294967295
tile_portal32,992,32,32,0,32,32,0,1,1,4294967295
tile_portal32,1056,0,32,0,32,32,0,1,1,4294967295
tile_portal32,1056,32,32,0,32,32,0,1,1,4294967295
tile_portal32,1056,64,32,0,32,32,0,1,1,4294967295
tile_portal32,1056,96,32,0,32,32,0,1,1,4294967295
tile_portal32,1056,128,32,0,32,32,0,1,1,4294967295
tile_portal32,1056,160,32,0,32,32,0,1,1,4294967295
tile_portal32,1056,192,32,0,32,32,0,1,1,4294967295
tile_portal32,1056,256,32,0,32,32,0,1,1,4294967295
tile_portal32,1056,288,32,0,32,32,0,1,1,4294967295
tile_portal32,1056,320,32,0,32,32,0,1,1,4294967295
tile_portal32,1056,352,32,0,32,32,0,1,1,4294967295
tile_portal32,1056,384,32,0,32,32,0,1,1,4294967295
tile_portal32,1056,416,32,0,32,32,0,1,1,4294967295
tile_portal32,1088,416,32,0,32,32,0,1,1,4294967295
tile_portal32,1088,384,32,0,32,32,0,1,1,4294967295
tile_portal32,1088,352,32,0,32,32,0,1,1,4294967295
tile_portal32,1088,320,32,0,32,32,0,1,1,4294967295
tile_portal32,1088,288,32,0,32,32,0,1,1,4294967295
tile_portal32,1088,256,32,0,32,32,0,1,1,4294967295
tile_portal32,1088,192,32,0,32,32,0,1,1,4294967295
tile_portal32,1088,160,32,0,32,32,0,1,1,4294967295
tile_portal32,1088,128,32,0,32,32,0,1,1,4294967295
tile_portal32,1088,96,32,0,32,32,0,1,1,4294967295
tile_portal32,1088,64,32,0,32,32,0,1,1,4294967295
tile_portal32,1088,32,32,0,32,32,0,1,1,4294967295
tile_portal32,1088,0,32,0,32,32,0,1,1,4294967295
tile_portal32,1120,0,32,0,32,32,0,1,1,4294967295
tile_portal32,1152,0,32,0,32,32,0,1,1,4294967295
tile_portal32,1152,32,32,0,32,32,0,1,1,4294967295
tile_portal32,1120,64,32,0,32,32,0,1,1,4294967295
tile_portal32,1120,96,32,0,32,32,0,1,1,4294967295
tile_portal32,1120,128,32,0,32,32,0,1,1,4294967295
tile_portal32,1120,192,32,0,32,32,0,1,1,4294967295
tile_portal32,1120,288,32,0,32,32,0,1,1,4294967295
tile_portal32,1120,320,32,0,32,32,0,1,1,4294967295
tile_portal32,1120,352,32,0,32,32,0,1,1,4294967295
tile_portal32,1120,384,32,0,32,32,0,1,1,4294967295
tile_portal32,1120,416,32,0,32,32,0,1,1,4294967295
tile_portal32,1120,32,32,0,32,32,0,1,1,4294967295
tile_portal32,1152,64,32,0,32,32,0,1,1,4294967295
tile_portal32,1152,96,32,0,32,32,0,1,1,4294967295
tile_portal32,1152,128,32,0,32,32,0,1,1,4294967295
tile_portal32,1152,160,32,0,32,32,0,1,1,4294967295
tile_portal32,1152,192,32,0,32,32,0,1,1,4294967295
tile_portal32,1152,224,32,0,32,32,0,1,1,4294967295
tile_portal32,1152,256,32,0,32,32,0,1,1,4294967295
tile_portal32,1152,288,32,0,32,32,0,1,1,4294967295
tile_portal32,1152,320,32,0,32,32,0,1,1,4294967295
tile_portal32,1152,352,32,0,32,32,0,1,1,4294967295
tile_portal32,1152,384,32,0,32,32,0,1,1,4294967295
tile_portal32,1152,416,32,0,32,32,0,1,1,4294967295
tile_portal32,1152,448,32,0,32,32,0,1,1,4294967295
tile_portal32,1152,480,32,0,32,32,0,1,1,4294967295
tile_portal32,1152,512,32,0,32,32,0,1,1,4294967295
tile_portal32,1184,512,32,0,32,32,0,1,1,4294967295
tile_portal32,1184,480,32,0,32,32,0,1,1,4294967295
tile_portal32,1184,448,32,0,32,32,0,1,1,4294967295
tile_portal32,1184,416,32,0,32,32,0,1,1,4294967295
tile_portal32,1184,384,32,0,32,32,0,1,1,4294967295
tile_portal32,1184,352,32,0,32,32,0,1,1,4294967295
tile_portal32,1184,320,32,0,32,32,0,1,1,4294967295
tile_portal32,1184,288,32,0,32,32,0,1,1,4294967295
tile_portal32,1184,256,32,0,32,32,0,1,1,4294967295
tile_portal32,1184,224,32,0,32,32,0,1,1,4294967295
tile_portal32,1184,192,32,0,32,32,0,1,1,4294967295
tile_portal32,1184,160,32,0,32,32,0,1,1,4294967295
tile_portal32,1184,128,32,0,32,32,0,1,1,4294967295
tile_portal32,1184,96,32,0,32,32,0,1,1,4294967295
tile_portal32,1184,64,32,0,32,32,0,1,1,4294967295
tile_portal32,1184,32,32,0,32,32,0,1,1,4294967295
tile_portal32,1184,0,32,0,32,32,0,1,1,4294967295
tile_portal32,1216,32,32,0,32,32,0,1,1,4294967295
tile_portal32,1216,64,32,0,32,32,0,1,1,4294967295
tile_portal32,1248,64,32,0,32,32,0,1,1,4294967295
tile_portal32,1248,32,32,0,32,32,0,1,1,4294967295
tile_portal32,1280,32,32,0,32,32,0,1,1,4294967295
tile_portal32,1312,32,32,0,32,32,0,1,1,4294967295
tile_portal32,1344,32,32,0,32,32,0,1,1,4294967295
tile_portal32,1376,32,32,0,32,32,0,1,1,4294967295
tile_portal32,1408,32,32,0,32,32,0,1,1,4294967295
tile_portal32,1440,32,32,0,32,32,0,1,1,4294967295
tile_portal32,1472,32,32,0,32,32,0,1,1,4294967295
tile_portal32,1504,32,32,0,32,32,0,1,1,4294967295
tile_portal32,1504,64,32,0,32,32,0,1,1,4294967295
tile_portal32,1472,64,32,0,32,32,0,1,1,4294967295
tile_portal32,1440,64,32,0,32,32,0,1,1,4294967295
tile_portal32,1408,64,32,0,32,32,0,1,1,4294967295
tile_portal32,1376,64,32,0,32,32,0,1,1,4294967295
tile_portal32,1344,64,32,0,32,32,0,1,1,4294967295
tile_portal32,1312,64,32,0,32,32,0,1,1,4294967295
tile_portal32,1280,64,32,0,32,32,0,1,1,4294967295
tile_portal32,1248,96,32,0,32,32,0,1,1,4294967295
tile_portal32,1280,96,32,0,32,32,0,1,1,4294967295
tile_portal32,1312,96,32,0,32,32,0,1,1,4294967295
tile_portal32,1344,96,32,0,32,32,0,1,1,4294967295
tile_portal32,1376,96,32,0,32,32,0,1,1,4294967295
tile_portal32,1408,96,32,0,32,32,0,1,1,4294967295
tile_portal32,1440,96,32,0,32,32,0,1,1,4294967295
tile_portal32,1472,96,32,0,32,32,0,1,1,4294967295
tile_portal32,1504,96,32,0,32,32,0,1,1,4294967295
tile_portal32,1536,96,32,0,32,32,0,1,1,4294967295
tile_portal32,1472,128,32,0,32,32,0,1,1,4294967295
tile_portal32,1440,128,32,0,32,32,0,1,1,4294967295
tile_portal32,1408,128,32,0,32,32,0,1,1,4294967295
tile_portal32,1376,128,32,0,32,32,0,1,1,4294967295
tile_portal32,1344,128,32,0,32,32,0,1,1,4294967295
tile_portal32,1312,128,32,0,32,32,0,1,1,4294967295
tile_portal32,1536,128,32,0,32,32,0,1,1,4294967295
tile_portal32,1504,128,32,0,32,32,0,1,1,4294967295
tile_portal32,1568,32,32,0,32,32,0,1,1,4294967295
tile_portal32,1280,160,32,0,32,32,0,1,1,4294967295
tile_portal32,1280,192,32,0,32,32,0,1,1,4294967295
tile_portal32,1248,192,32,0,32,32,0,1,1,4294967295
tile_portal32,1216,192,32,0,32,32,0,1,1,4294967295
tile_portal32,1216,224,32,0,32,32,0,1,1,4294967295
tile_portal32,1216,256,32,0,32,32,0,1,1,4294967295
tile_portal32,1216,288,32,0,32,32,0,1,1,4294967295
tile_portal32,1216,320,32,0,32,32,0,1,1,4294967295
tile_portal32,1216,352,32,0,32,32,0,1,1,4294967295
tile_portal32,1216,384,32,0,32,32,0,1,1,4294967295
tile_portal32,1216,416,32,0,32,32,0,1,1,4294967295
tile_portal32,1216,448,32,0,32,32,0,1,1,4294967295
tile_portal32,1216,480,32,0,32,32,0,1,1,4294967295
tile_portal32,1216,512,32,0,32,32,0,1,1,4294967295
tile_portal32,1248,512,32,0,32,32,0,1,1,4294967295
tile_portal32,1248,480,32,0,32,32,0,1,1,4294967295
tile_portal32,1248,448,32,0,32,32,0,1,1,4294967295
tile_portal32,1248,416,32,0,32,32,0,1,1,4294967295
tile_portal32,1248,384,32,0,32,32,0,1,1,4294967295
tile_portal32,1248,352,32,0,32,32,0,1,1,4294967295
tile_portal32,1248,320,32,0,32,32,0,1,1,4294967295
tile_portal32,1248,288,32,0,32,32,0,1,1,4294967295
tile_portal32,1248,256,32,0,32,32,0,1,1,4294967295
tile_portal32,1248,224,32,0,32,32,0,1,1,4294967295
tile_portal32,1280,224,32,0,32,32,0,1,1,4294967295
tile_portal32,1280,256,32,0,32,32,0,1,1,4294967295
tile_portal32,1280,288,32,0,32,32,0,1,1,4294967295
tile_portal32,1280,320,32,0,32,32,0,1,1,4294967295
tile_portal32,1280,352,32,0,32,32,0,1,1,4294967295
tile_portal32,1280,384,32,0,32,32,0,1,1,4294967295
tile_portal32,1280,416,32,0,32,32,0,1,1,4294967295
tile_portal32,1280,448,32,0,32,32,0,1,1,4294967295
tile_portal32,1280,480,32,0,32,32,0,1,1,4294967295
tile_portal32,1280,512,32,0,32,32,0,1,1,4294967295
tile_portal32,1312,512,32,0,32,32,0,1,1,4294967295
tile_portal32,1312,480,32,0,32,32,0,1,1,4294967295
tile_portal32,1312,448,32,0,32,32,0,1,1,4294967295
tile_portal32,1312,384,32,0,32,32,0,1,1,4294967295
tile_portal32,1312,352,32,0,32,32,0,1,1,4294967295
tile_portal32,1312,320,32,0,32,32,0,1,1,4294967295
tile_portal32,1312,288,32,0,32,32,0,1,1,4294967295
tile_portal32,1312,256,32,0,32,32,0,1,1,4294967295
tile_portal32,1312,224,32,0,32,32,0,1,1,4294967295
tile_portal32,1344,256,32,0,32,32,0,1,1,4294967295
tile_portal32,1344,288,32,0,32,32,0,1,1,4294967295
tile_portal32,1344,320,32,0,32,32,0,1,1,4294967295
tile_portal32,1344,352,32,0,32,32,0,1,1,4294967295
tile_portal32,1344,384,32,0,32,32,0,1,1,4294967295
tile_portal32,1344,416,32,0,32,32,0,1,1,4294967295
tile_portal32,1344,448,32,0,32,32,0,1,1,4294967295
tile_portal32,1344,480,32,0,32,32,0,1,1,4294967295
tile_portal32,1344,512,32,0,32,32,0,1,1,4294967295
tile_portal32,1376,544,32,0,32,32,0,1,1,4294967295
tile_portal32,1504,544,32,0,32,32,0,1,1,4294967295
tile_portal32,1472,544,32,0,32,32,0,1,1,4294967295
tile_portal32,1440,544,32,0,32,32,0,1,1,4294967295
tile_portal32,1408,544,32,0,32,32,0,1,1,4294967295
tile_portal32,1408,512,32,0,32,32,0,1,1,4294967295
tile_portal32,1376,512,32,0,32,32,0,1,1,4294967295
tile_portal32,1376,480,32,0,32,32,0,1,1,4294967295
tile_portal32,1440,512,32,0,32,32,0,1,1,4294967295
tile_portal32,1472,512,32,0,32,32,0,1,1,4294967295
tile_portal32,1504,512,32,0,32,32,0,1,1,4294967295
tile_portal32,1536,512,32,0,32,32,0,1,1,4294967295
tile_portal32,1536,480,32,0,32,32,0,1,1,4294967295
tile_portal32,1536,448,32,0,32,32,0,1,1,4294967295
tile_portal32,1504,448,32,0,32,32,0,1,1,4294967295
tile_portal32,1472,448,32,0,32,32,0,1,1,4294967295
tile_portal32,1440,448,32,0,32,32,0,1,1,4294967295
tile_portal32,1408,448,32,0,32,32,0,1,1,4294967295
tile_portal32,1408,480,32,0,32,32,0,1,1,4294967295
tile_portal32,1440,480,32,0,32,32,0,1,1,4294967295
tile_portal32,1472,480,32,0,32,32,0,1,1,4294967295
tile_portal32,1504,480,32,0,32,32,0,1,1,4294967295
tile_portal32,1376,448,32,0,32,32,0,1,1,4294967295
tile_portal32,1376,416,32,0,32,32,0,1,1,4294967295
tile_portal32,1376,384,32,0,32,32,0,1,1,4294967295
tile_portal32,1408,384,32,0,32,32,0,1,1,4294967295
tile_portal32,1440,384,32,0,32,32,0,1,1,4294967295
tile_portal32,1440,416,32,0,32,32,0,1,1,4294967295
tile_portal32,1472,416,32,0,32,32,0,1,1,4294967295
tile_portal32,1504,416,32,0,32,32,0,1,1,4294967295
tile_portal32,1536,416,32,0,32,32,0,1,1,4294967295
tile_portal32,1536,384,32,0,32,32,0,1,1,4294967295
tile_portal32,1504,384,32,0,32,32,0,1,1,4294967295
tile_portal32,1504,352,32,0,32,32,0,1,1,4294967295
tile_portal32,1472,352,32,0,32,32,0,1,1,4294967295
tile_portal32,1472,384,32,0,32,32,0,1,1,4294967295
tile_portal32,1408,416,32,0,32,32,0,1,1,4294967295
tile_portal32,1408,352,32,0,32,32,0,1,1,4294967295
tile_portal32,1408,320,32,0,32,32,0,1,1,4294967295
tile_portal32,1376,320,32,0,32,32,0,1,1,4294967295
tile_portal32,1376,352,32,0,32,32,0,1,1,4294967295
tile_portal32,1376,288,32,0,32,32,0,1,1,4294967295
tile_portal32,1376,256,32,0,32,32,0,1,1,4294967295
tile_portal32,1408,224,32,0,32,32,0,1,1,4294967295
tile_portal32,1376,160,32,0,32,32,0,1,1,4294967295
tile_portal32,1344,160,32,0,32,32,0,1,1,4294967295
tile_portal32,1312,160,32,0,32,32,0,1,1,4294967295
tile_portal32,1312,192,32,0,32,32,0,1,1,4294967295
tile_portal32,1344,224,32,0,32,32,0,1,1,4294967295
tile_portal32,1376,224,32,0,32,32,0,1,1,4294967295
tile_portal32,1408,256,32,0,32,32,0,1,1,4294967295
tile_portal32,1408,288,32,0,32,32,0,1,1,4294967295
tile_portal32,1440,352,32,0,32,32,0,1,1,4294967295
tile_portal32,1440,320,32,0,32,32,0,1,1,4294967295
tile_portal32,1440,288,32,0,32,32,0,1,1,4294967295
tile_portal32,1440,256,32,0,32,32,0,1,1,4294967295
tile_portal32,1440,224,32,0,32,32,0,1,1,4294967295
tile_portal32,1440,160,32,0,32,32,0,1,1,4294967295
tile_portal32,1472,224,32,0,32,32,0,1,1,4294967295
tile_portal32,1472,256,32,0,32,32,0,1,1,4294967295
tile_portal32,1472,288,32,0,32,32,0,1,1,4294967295
tile_portal32,1472,320,32,0,32,32,0,1,1,4294967295
tile_portal32,1504,320,32,0,32,32,0,1,1,4294967295
tile_portal32,1536,320,32,0,32,32,0,1,1,4294967295
tile_portal32,1536,352,32,0,32,32,0,1,1,4294967295
tile_portal32,1536,288,32,0,32,32,0,1,1,4294967295
tile_portal32,1536,256,32,0,32,32,0,1,1,4294967295
tile_portal32,1536,224,32,0,32,32,0,1,1,4294967295
tile_portal32,1504,160,32,0,32,32,0,1,1,4294967295
tile_portal32,1472,160,32,0,32,32,0,1,1,4294967295
tile_portal32,1536,160,32,0,32,32,0,1,1,4294967295
tile_portal32,1504,256,32,0,32,32,0,1,1,4294967295
tile_portal32,1504,288,32,0,32,32,0,1,1,4294967295
tile_portal32,1504,224,32,0,32,32,0,1,1,4294967295
tile_Colors,1344,576,32,96,32,32,0,1,1,4294967295
tile_Colors,1376,576,32,96,32,32,0,1,1,4294967295
tile_Colors,1408,576,32,96,32,32,0,1,1,4294967295
tile_Colors,1440,576,32,96,32,32,0,1,1,4294967295
tile_Colors,1472,576,32,96,32,32,0,1,1,4294967295
tile_Colors,1504,576,32,96,32,32,0,1,1,4294967295
tile_Colors,1536,576,32,96,32,32,0,1,1,4294967295
tile_Colors,1376,0,160,96,32,32,0,1,1,4294967295
tile_Colors,1408,0,160,96,32,32,0,1,1,4294967295
tile_Colors,1440,0,160,96,32,32,0,1,1,4294967295
tile_Colors,1472,0,160,96,32,32,0,1,1,4294967295
tile_Colors,1504,0,160,96,32,32,0,1,1,4294967295
tile_portal32,896,544,64,0,32,32,0,1,1,4294967295
tile_portal32,928,544,64,0,32,32,0,1,1,4294967295
tile_portal32,960,544,64,0,32,32,0,1,1,4294967295
tile_portal32,992,544,64,0,32,32,0,1,1,4294967295
tile_portal32,1024,544,64,0,32,32,0,1,1,4294967295
tile_portal32,1056,544,64,0,32,32,0,1,1,4294967295
tile_portal32,1088,544,64,0,32,32,0,1,1,4294967295
tile_portal32,1120,544,64,0,32,32,0,1,1,4294967295
tile_portal32,1152,544,64,0,32,32,0,1,1,4294967295
tile_portal32,1184,544,64,0,32,32,0,1,1,4294967295
tile_portal32,1216,544,64,0,32,32,0,1,1,4294967295
tile_portal32,1248,544,64,0,32,32,0,1,1,4294967295
tile_portal32,1280,544,64,0,32,32,0,1,1,4294967295
tile_portal32,1344,544,64,0,32,32,0,1,1,4294967295
tile_portal32,1536,544,64,0,32,32,0,1,1,4294967295
tile_portal32,832,256,64,0,32,32,0,1,1,4294967295
tile_portal32,864,256,64,0,32,32,0,1,1,4294967295
tile_portal32,928,224,64,0,32,32,0,1,1,4294967295
tile_portal32,960,224,64,0,32,32,0,1,1,4294967295
tile_portal32,992,224,64,0,32,32,0,1,1,4294967295
tile_portal32,1024,224,64,0,32,32,0,1,1,4294967295
tile_portal32,1056,224,64,0,32,32,0,1,1,4294967295
tile_portal32,1088,224,64,0,32,32,0,1,1,4294967295
tile_portal32,1120,224,64,0,32,32,0,1,1,4294967295
tile_portal32,1248,128,64,0,32,32,0,1,1,4294967295
tile_portal32,1280,128,64,0,32,32,0,1,1,4294967295
tile_portal32,1376,192,64,0,32,32,0,1,1,4294967295
tile_portal32,1408,192,64,0,32,32,0,1,1,4294967295
tile_portal32,1440,192,64,0,32,32,0,1,1,4294967295
tile_portal32,1472,192,64,0,32,32,0,1,1,4294967295
tile_portal32,1504,192,64,0,32,32,0,1,1,4294967295
tile_portal32,1536,192,64,0,32,32,0,1,1,4294967295
tile_portal32,800,576,64,0,32,32,0,1,1,4294967295
tile_portal32,832,576,64,0,32,32,0,1,1,4294967295
tile_portal32,1056,448,96,64,32,32,0,1,1,4294967295
tile_portal32,1056,480,96,64,32,32,0,1,1,4294967295
tile_portal32,1056,512,96,64,32,32,0,1,1,4294967295
tile_portal32,1088,512,96,64,32,32,0,1,1,4294967295
tile_portal32,1120,512,96,64,32,32,0,1,1,4294967295
tile_portal32,1120,480,96,64,32,32,0,1,1,4294967295
tile_portal32,1120,448,96,64,32,32,0,1,1,4294967295
tile_portal32,1088,448,96,64,32,32,0,1,1,4294967295
tile_portal32,1312,416,32,0,32,32,0,1,1,4294967295
tile_portal32,1088,480,0,128,32,32,0,1,1,4294967295
tile_portal32,992,288,160,64,32,32,0,1,1,4294967295
tile_portal32,1120,160,160,64,32,32,0,1,1,4294967295
tile_portal32,1344,192,160,64,32,32,0,1,1,4294967295
tile_portal32,1408,160,160,64,32,32,0,1,1,4294967295
tile_portal32,864,160,160,64,32,32,0,1,1,4294967295
tile_portal32,1120,256,160,64,32,32,0,1,1,4294967295
tile_portal32,928,448,160,64,32,32,0,1,1,4294967295
tile_portal32,928,480,160,64,32,32,0,1,1,4294967295
