SpikeU,128,256,57E0AF1A,0,1,1,4294967295,0,0
SpikeU,160,256,36802687,0,1,1,4294967295,0,0
SpikeR,208,128,41D3F742,0,1,1,4294967295,0,0
SpikeD,240,288,36F66E8E,0,1,1,4294967295,0,0
SpikeR,336,256,C8EBEFD2,0,1,1,4294967295,0,0
SpikeL,320,224,62222ACB,0,1,1,4294967295,0,0
SpikeL,336,96,CF365AE6,0,1,1,4294967295,0,0
SpikeR,336,192,713139F2,0,1,1,4294967295,0,0
SpikeR,336,128,485405F5,0,1,1,4294967295,0,0
SpikeR,336,64,F917801F,0,1,1,4294967295,0,0
SpikeD,288,32,7E59C96F,0,1,1,4294967295,0,0
SpikeU,240,64,F6AB8D74,0,1,1,4294967295,0,0
SpikeR,272,160,6C8DE839,0,1,1,4294967295,0,0
SpikeL,272,128,58AA911B,0,1,1,4294967295,0,0
SpikeL,64,352,607A5CE9,0,1,1,4294967295,0,0
SpikeD,304,480,30D6585D,0,1,1,4294967295,0,0
SpikeR,320,464,16BF39E7,0,1,1,4294967295,0,0
SpikeU,128,496,9FE6B812,0,1,1,4294967295,0,0
SpikeD,128,432,F8D242AA,0,1,1,4294967295,0,0
SpikeD,64,448,88A995E4,0,1,1,4294967295,0,0
SpikeL,80,512,0A8FCA93,0,1,1,4294967295,0,0
SpikeU,96,480,6A21DEA7,0,1,1,4294967295,0,0
SpikeU,352,576,5E266ADA,0,1,1,4294967295,0,0
SpikeD,352,384,D86FD912,0,1,1,4279828224,0,1
SpikeD,416,448,F89111B0,0,1,1,4294967295,0,0
SpikeR,416,448,DFF2441B,0,1,1,4294967295,0,0
SpikeL,736,160,66833E6B,0,1,1,4294967295,0,0
SpikeR,512,416,C4FBB431,0,1,1,4294967295,0,0
SpikeL,576,384,F1258412,0,1,1,4294967295,0,0
SpikeR,736,512,AF4DD500,0,1,1,4280221440,0,1
SpikeU,512,544,FF767493,0,1,1,4294967295,0,0
SpikeR,464,512,FD834254,0,1,1,4294967295,0,0
SpikeL,448,512,173B486A,0,1,1,4294967295,0,0
SpikeR,480,480,F41B16B1,0,1,1,4294967295,0,0
SpikeL,464,480,1A4F4C4F,0,1,1,4294967295,0,0
SpikeR,496,448,526DF243,0,1,1,4294967295,0,0
SpikeL,480,448,88D1353E,0,1,1,4294967295,0,0
SpikeR,704,448,417732B4,0,1,1,4280221440,0,1
SpikeR,736,384,CE92742B,0,1,1,4280221440,0,1
SpikeR,704,320,B2B64AB3,0,1,1,4280221440,0,1
SpikeU,544,224,87925B21,0,1,1,4294967295,0,0
SpikeU,576,224,CA3D68D3,0,1,1,4294967295,0,0
SpikeU,608,224,4F22C209,0,1,1,4294967295,0,0
SpikeU,640,224,5E06BD5B,0,1,1,4294967295,0,0
SpikeHardU,64,256,C193A9B9,0,1,1,4294967295,0,0
SpikeHardU,32,256,056F90C9,0,1,1,4294967295,0,0
SpikeHardU,192,272,AA569AC4,0,1,1,4294967295,0,0
SpikeHardD,16,512,1F86ACFC,0,1,1,4294967295,0,0
SpikeHardD,32,480,95F87BAA,0,1,1,4294967295,0,0
SpikeHardU,400,544,808C51D9,0,1,1,4294967295,0,0
SpikeHardR,624,352,9270157A,0,1,1,4294967295,0,0
SpikeHardL,656,480,F9F1F15E,0,1,1,4294967295,0,0
SpikeHardU,608,320,582EA1A6,0,1,1,4294967295,0,0
SpikeMediumU,608,333,4E5287B7,0,1,1,4294967295,0,0
SpikeHardR,352,160,06AD0BAA,0,1,1,4294967295,0,0
SpikeU,896,97,8BB9529E,0,1,1,4294967295,0,0
SpikeD,880,97,4E4786E6,0,1,1,4294967295,0,0
SpikeU,880,66,4A437FD2,0,1,1,4294967295,0,0
SpikeR,928,128,06C9009F,0,1,1,4294967295,0,0
SpikeL,960,128,1F5369EC,0,1,1,4294967295,0,0
SpikeU,992,97,56C29094,0,1,1,4294967295,0,0
SpikeU,1008,66,1E63E7DE,0,1,1,4294967295,0,0
SpikeD,1008,97,F702BE1C,0,1,1,4294967295,0,0
SpikeD,992,160,69C92E71,0,1,1,4294967295,0,0
SpikeR,1072,224,F2436F90,0,1,1,4294967295,0,0
SpikeL,1104,224,B7D4205D,0,1,1,4294967295,0,0
SpikeU,1040,193,A45BF10A,0,1,1,4294967295,0,0
SpikeR,848,160,5407E789,0,1,1,4294967295,0,0
SpikeL,1056,128,91FF3598,0,1,1,4294967295,0,0
SpikeL,1072,96,0830EFB6,0,1,1,4294967295,0,0
SpikeD,1152,223,24821D80,0,1,1,4294967295,0,0
SpikeU,1152,97,E3E822C3,0,1,1,4294967295,0,0
SpikeU,1216,64,ADCAFEDB,0,1,1,4294967295,0,0
SpikeD,1088,160,8B513B77,0,1,1,4294967295,0,0
SpikeU,1376,33,0894D91C,0,1,1,4294967295,0,0
SpikeD,1376,127,D0494681,0,1,1,4294967295,0,0
SpikeD,1408,160,12868785,0,1,1,4278583040,0,1
SpikeD,1440,511,B97682B7,0,1,1,4294967295,0,0
SpikeU,1440,193,088EC773,0,1,1,4294967295,0,0
SpikeL,1536,224,CE57057D,0,1,1,4294967295,0,0
SpikeD,1376,256,5774ECD2,0,1,1,4294967295,0,0
SpikeR,1344,352,181A10FC,0,1,1,4294967295,0,0
SpikeR,1360,384,310CAE77,0,1,1,4294967295,0,0
SpikeL,1392,384,9AA6BF73,0,1,1,4294967295,0,0
SpikeL,1408,352,A3C08A2F,0,1,1,4294967295,0,0
Jumper,288,485,B0871025,0,1,1,4294967295,0,1
Jumper,160,357,26B8F256,0,1,1,4294967295,0,1
Cherry,16,336,2A862D8C,0,1,1,4294967295,0,1
Cherry,48,432,0E9F7DB4,0,1,1,4294967295,0,1
Jumper,168,424,D70DF606,0,0.5,0.5,4294967295,0,1
Cherry,528,16,5CBAAEF2,0,1,1,4294967295,0,1
Cherry,656,16,3271B44C,0,1,1,4294967295,0,1
Cherry,496,144,B17208BE,0,1,1,4294967295,0,1
Jumper,160,581,2E94C3FD,0,1,1,4294967295,0,1
SpikeHardU,800,576,B6A9090D,0,1,1,4294967295,0,0
SpikeHardU,832,576,93395624,0,1,1,4294967295,0,0
SpikeMediumR,256,416,91B637CB,0,1,1,4294967295,0,0
SpikeHardL,256,416,42F3FA18,0,1,1,4294967295,0,0
SpikeHardD,912,32,CC37DBFE,0,1,1,4294967295,0,0
SpikeMediumD,912,24,ED2745EC,0,1,1,4294967295,0,0
SpikeMediumD,1056,32,1F98BFA3,0,1,1,4294967295,0,0
SpikeHardD,1048,32,62CED85D,0,1,1,4294967295,0,0
sprKiller,992,128,DA202E58,0,1,1,4294967295,0,0
sprKiller,1280,160,5F8418DD,0,1,1,4294967295,0,0
SpikeHardL,320,160,87310252,0,1,1,4294967295,0,0
SpikeMediumL,336,160,C55A4B96,0,1,1,4294967295,0,0
SpikeMediumU,912,-8,398AF6B2,0,1,1,4294967295,0,0
SpikeHardU,912,0,86D97EDF,0,1,1,4294967295,0,0
SpikeR,1136,32,E92B6EDB,0,1,1,4294967295,0,0
SpikeD,1168,32,06561CBD,0,1,1,4294967295,0,0
sprKiller,352,0,4A831DBF,0,1,1,4294967295,0,0
SpikeHardU,400,416,0750B626,0,1,1,4294967295,0,0
SpikeHardR,128,288,F8A30AD9,0,1,1,4294967295,0,0
SpikeHardL,160,288,AF1D6D93,0,1,1,4294967295,0,0
Platform,288,352,79979475,0,1,1,4294967295,0,1
SpikeU,512,224,827F17AB,0,1,1,4294967295,0,0
SpikeL,480,256,09C65CA8,0,1,1,4294967295,0,0
SpikeL,544,528,6B5F25CD,0,1,1,4294967295,0,0
SpikeL,576,512,BC1D4925,0,1,1,4294967295,0,0
SpikeTall,896,128,DB3A334D,0,1,3,4294967295,0,0
SpikeTall,1088,32,2389AEC6,0,1,3,4294967295,0,0
SpikeTall,1152,128,4CB61563,0,1,1,4294967295,0,0
SpikeTall,1152,192,22DE1E3F,0,1,1,4294967295,0,0
SpikeTall,1440,224,43F89897,0,1,9,4294967295,0,0
SpikeTall,1376,64,8CBB6A9F,0,1,2,4294967295,0,0
SpikeTall,1040,224,312C68EF,0,1,1,4294967295,0,0
Warp,384,256,6BFC345A,0,1,1,4294967295,0,1
WarpToHub,928,544,32E48297,0,1,1,4294967295,0,0
SpikeTall,256,192,73BA66EE,0,1,3,4294967295,0,1
SpikeTall,608,352,D386F214,0,1,5,4294967295,0,1
Block,0,0,F5A3221B,0,1,19,4294967295,0,0
Block,32,576,C16B778C,0,4,1,4294967295,0,0
Block,768,544,0F4131B4,0,1,1,4294967295,0,0
Block,768,480,B78BA171,0,1,1,4294967295,0,0
Block,768,416,A202DBEA,0,1,1,4294967295,0,0
Block,768,352,93870ED5,0,1,1,4294967295,0,0
Block,768,0,90D90D01,0,1,10,4294967295,0,0
Block,64,0,93C618CF,0,5,1,4294967295,0,0
Block,384,0,D2CF3E3A,0,12,1,4294967295,0,0
Block,32,64,4DB06312,0,1,1,4294967295,0,0
Block,160,64,726CD7A0,0,2,1,4294967295,0,0
Block,192,96,4721E6A9,0,1,4,4294967295,0,0
Block,32,288,0757A5E8,0,3,1,4294967295,0,0
KillBlock,320,32,6ACBEDDE,0,1,1,4294967295,0,0
KillBlock,256,96,6619714F,0,1,1,4294967295,0,0
Block,320,288,0586CF65,0,7,1,4294967295,0,0
Block,320,352,A14348E9,0,1,4,4294967295,0,0
Block,352,336,A239C243,0,1,1.5,4294967295,0,0
Block,96,352,2155B0B3,0,2,1,4294967295,0,0
Block,32,416,A030231D,0,4,1,4294967295,0,0
Block,224,480,14CE22A7,0,2,1,4294967295,0,0
Block,192,512,69BF79CD,0,3,1,4294967295,0,0
Block,32,448,8EFE26DB,0,1,1,4294967295,0,0
Block,32,480,66348FD6,0,0.5,1,4294967295,0,0
Block,384,576,5185F175,0,13,1,4294967295,0,0
KillBlock,384,480,7BC69321,0,1,3,4294967295,0,0
Block,384,448,0D0CC648,0,1,1,4294967295,0,0
Block,416,352,73595C2B,0,1,3,4294967295,0,0
Block,480,336,09CDA9FA,0,1,3.5,4294967295,0,0
Block,528,320,FBF4827B,0,1,1,4294967295,0,0
Block,512,256,53DC48AA,0,7,1,4294967295,0,0
Block,672,64,D7916E2B,0,1,6,4294967295,0,0
Block,704,64,E89ED1E9,0,1,1,4294967295,0,0
Block,672,288,EDB764C1,0,1,1,4294967295,0,0
Block,672,352,8A26F512,0,1,1,4294967295,0,0
Block,672,416,CE8CA6C6,0,1,1,4294967295,0,0
Block,672,480,99FAC837,0,1,1,4294967295,0,0
Block,608,512,38602200,0,1,2,4294967295,0,0
Block,576,544,FA75DC28,0,1,1,4294967295,0,0
Block,192,288,CA4BB607,0,2,1,4294967295,0,0
Block,192,352,3D3AC353,0,3,1,4294967295,0,0
Block,192,416,53F64CB4,0,2,1,4294967295,0,0
Block,192,576,A8B7F583,0,5,1,4294967295,0,0
Block,864,320,604137BA,0,1,9,4294967295,0,0
Block,832,288,C7FCB4E4,0,3,1,4294967295,0,0
MediumBlock,800,544,038AE05F,0,2,1,4294967295,0,0
MediumBlock,800,480,B5DD5B45,0,1,1,4294967295,0,0
MediumBlock,800,416,62F88104,0,1,1,4294967295,0,0
Block,800,0,89EA0711,0,1,10,4294967295,0,0
Block,896,224,1502E426,0,1,2,4294967295,0,0
Block,928,0,6E595171,0,14,1,4294967295,0,0
Block,832,-16,5ADCD011,0,3,1,4294967295,0,0
Block,928,256,D38B490B,0,2,1,4294967295,0,0
Block,992,240,BF70A6E7,0,3,1,4294967295,0,0
Block,1088,128,A5E59626,0,1,1,4294967295,0,0
Block,1120,32,0AAFD803,0,0.5,4,4294967295,0,0
Block,1088,256,1502AB67,0,1,1,4294967295,0,0
Block,1152,256,7C0ACF8B,0,1,1,4294967295,0,0
Block,1152,160,60E153DD,0,1,1,4294967295,0,0
Block,1216,96,B9328589,0,1,3,4294967295,0,0
Block,1248,160,D47CFC20,0,1,1,4294967295,0,0
Block,1312,128,0FA986B3,0,1,4,4294967295,0,0
Block,1344,224,B33559C3,0,2,1,4294967295,0,0
Block,1376,-16,BA76BB8D,0,1,1,4294967295,0,0
Block,1568,0,22BA8A57,0,1,1,4294967295,0,0
Block,1536,0,867901C5,0,1,3,4294967295,0,0
Block,1568,64,6EF8EBA3,0,1,17,4294967295,0,0
Block,1504,-16,7CF4C9C3,0,1,1,4294967295,0,0
Block,1504,208,370DAE88,0,2,1,4294967295,0,0
Block,1504,592,9DB117EE,0,1,1,4294967295,0,0
Block,1376,592,B00CEA7E,0,1,1,4294967295,0,0
Block,1344,576,A49643DE,0,1,1,4294967295,0,0
Block,1536,576,88210E7B,0,1,1,4294967295,0,0
Block,1312,320,B093406E,0,1,3,4294967295,0,0
Block,1312,544,B2666CCA,0,1,2,4294967295,0,0
Block,1280,320,130134A1,0,1,1,4294967295,0,0
Block,896,576,6EB7BC50,0,13,1,4294967295,0,0
Block,384,432,DC5D6236,0,1,0.5,4294967295,0,0
Block,0,-144,94210964,0,1,4.5,4294967295,0,0
Block,32,-144,CF5F3EF1,0,1,1,4294967295,0,0
Block,64,-144,27465005,0,1,4.5,4294967295,0,0
PlayerClip,1312,416,DEAFFBBD,0,1,4,4294967295,0,0
AntiSoftlockBlock,32,352,99D80D18,0,1,1,4294967295,0,0
AntiSoftlockBlock,1440,160,146074C9,0,1,2,4294967295,0,0
Signpost,416,320,CDD4D18A,0,1,1,4278255612,0,1
Signpost,1024,512,4A6266A0,0,-1,1,4294967295,0,1
Platform,64,192,F0BC63E5,0,1,1,4294967295,0,0
Platform,128,192,E464496D,0,1,1,4294967295,0,0
Cherry,112,160,936BC455,0,1,1,4294967295,0,1
Cherry,48,208,5E982F66,0,1,1,4294967295,0,1
Cherry,176,208,4091B9ED,0,1,1,4294967295,0,1
Cherry,112,272,06FBD0C2,0,1,1,4294967295,0,1
Platform,256,176,50D17F72,0,1,1,4294967295,0,0
Platform,224,112,3E53B0CE,0,1,1,4294967295,0,0
Platform,288,96,D8A7E810,0,1,1,4294967295,0,0
SavePointHard,320,320,11157299,0,1,1,4294967295,0,0
Platform,384,352,978397E7,0,1,1,4294967295,0,0
Platform,160,528,F9CECCDA,0,1,1,4294967295,0,0
SavePointHard,192,480,B87C6956,0,1,1,4294967295,0,0
TrapRedirect,352,592,2212E80A,0,1,1,4294967295,0,0
Pauser,352,512,806A34A7,0,1,1,4294967295,0,1
SavePointHard,704,32,C80312B3,0,1,1,4294967295,0,0
Jumper,704,224,2D5BF18C,0,1,1,4294967295,0,0
ShootBlock,768,320,56AD2512,0,1,1,4294967295,0,0
ShootBlock,768,384,E49D3234,0,1,1,4294967295,0,0
ShootBlock,768,448,83002DDF,0,1,1,4294967295,0,0
ShootBlock,768,512,C4FC9B83,0,1,1,4294967295,0,0
ShootBlock,672,512,A8F045CA,0,1,1,4294967295,0,0
ShootBlock,672,448,281129D6,0,1,1,4294967295,0,0
ShootBlock,672,384,3EE926BD,0,1,1,4294967295,0,0
ShootBlock,672,320,1002F37D,0,1,1,4294967295,0,0
Jumper,736,544,C4542BC7,0,1,1,4294967295,0,0
Platform,512,400,4E9C2012,0,1,1,4294967295,0,0
BreakBlock,288,368,F67DF2DE,0,1,0.5,4294967295,0,0
Cherry,560,528,2BA406D5,0,1,1,4294967295,0,0
Cherry,528,496,13364435,0,1,1,4294967295,0,0
Platform,576,496,6F568BC7,0,1,1,4294967295,0,0
TrapDestroy,800,320,C7BE6599,0,1,8,4294967295,0,0
FakeBlock,480,128,1E57F5C7,0,1,1,4294967295,0,0
YokuBlock,704,352,5EFBFE58,0,1,1,4294967295,0,0
YokuBlock,736,352,F3558F60,0,1,1,4294967295,0,0
Trigger1,96,192,04469B65,0,1,1,4294967295,0,0
Triggered1,160,192,5617438D,0,1,1,4294967295,0,0
Triggered1,96,144,59B8C66F,0,1,1,4294967295,0,0
Triggered1,32,192,EC28FF85,0,1,1,4294967295,0,0
Triggered1,96,256,C7857BBD,0,1,1,4294967295,0,0
FakeBlock,160,352,21F8810F,0,1,1,4294967295,0,0
FakeBlock,288,480,F283E0C6,0,1,1,4294967295,0,0
Trigger1,192,320,C8A19A53,0,1,1,4294967295,0,0
BreakBlock,128,288,A83513A6,0,1,1,4294967295,0,0
BreakBlock,160,288,715629E2,0,1,1,4294967295,0,0
Triggered1,0,320,42C7C622,0,1,1,4294967295,0,0
TriggerFree,32,352,12142B59,0,1,1,4294967295,0,1
TriggeredFree,32,416,272E9131,0,1,1,4294967295,0,1
FakeBlock,160,416,6370EE68,0,1,1,4294967295,0,0
FakeBlock,160,576,464DDF52,0,1,1,4294967295,0,0
MusicPlayer,64,32,A19CD7C3,0,1,1,4294967295,0,1
GateLeft,192,32,98280177,0,1,1,4294967295,0,0
SavePointHard,160,32,4BFE9F5D,0,1,1,4294967295,0,0
TrapRedirect,352,352,8E146964,0,1,1,4294967295,0,0
YokuBlock,608,32,B8D9CDDC,0,1,1,4294967295,0,0
YokuBlock,608,96,318B9FC1,0,1,1,4294967295,0,0
YokuBlock,640,96,937CCB34,0,1,1,4294967295,0,0
YokuBlock,544,64,C485AB2F,0,1,1,4294967295,0,0
YokuBlock,544,96,38556A34,0,1,1,4294967295,0,0
YokuBlock,544,128,87E3798B,0,1,1,4294967295,0,0
YokuBlock,576,160,3A2EDBB9,0,1,1,4294967295,0,0
YokuBlock,512,160,9642A748,0,1,1,4294967295,0,0
YokuBlock,512,192,D5814969,0,1,1,4294967295,0,0
YokuBlock,480,224,40B4045F,0,1,1,4294967295,0,0
YokuBlock,512,128,C882CEA8,0,1,1,4294967295,0,0
YokuBlock,480,96,D4A8EC30,0,1,1,4294967295,0,0
YokuBlock,448,96,0D072B9A,0,1,1,4294967295,0,0
YokuBlock,480,64,14176678,0,1,1,4294967295,0,0
YokuBlock,416,32,D427420A,0,1,1,4294967295,0,0
YokuBlock,384,64,17969C04,0,1,1,4294967295,0,0
YokuBlock,384,128,DAD3A266,0,1,1,4294967295,0,0
YokuBlock,416,160,3702215B,0,1,1,4294967295,0,0
YokuBlock,448,160,27C9FA38,0,1,1,4294967295,0,0
YokuBlock,640,208,B2310891,0,1,1,4294967295,0,0
YokuBlock,608,160,EB4420F6,0,1,1,4294967295,0,0
TriggeredFree,640,0,19871578,0,1,1,4294967295,0,1
TriggeredFree,480,128,BAC494AE,0,1,1,4294967295,0,1
TriggerFree,640,176,6BC902EC,0,1,1,4294967295,0,1
TriggerInstance,512,96,0E0E9601,0,1,1,4294967295,0,1
Cherry,400,304,F1FBEE60,0,1,1,4294967295,0,1
TriggerInstance,352,160,8C0F810B,0,2,1,4294967295,0,1
Cherry,464,592,5B103C84,0,1,1,4294967295,0,1
TriggerInstance,448,384,7FD8A459,0,1,1,4294967295,0,1
SavePointHard,864,256,9E719B4B,0,1,1,4294967295,0,0
Platform,832,96,1DB64D36,0,1,1,4294967295,0,0
SquareRefresher,960,64,0C6E460E,0,1,1,4294967295,0,0
SavePointHard,960,224,306F7016,0,1,1,4294967295,0,0
SquareRefresher,864,160,5ABE1B63,0,1,1,4294967295,0,0
Cherry,880,208,CF13DB95,0,1,1,4294967295,0,0
Jumper,1120,256,F44896CC,0,1,1,4294967295,0,0
SavePointHard,1184,160,099629A5,0,1,1,4294967295,0,0
Platform,1184,192,BEDED0B1,0,4,1,4294967295,0,0
JumpSwitchBlock,1312,96,F6A13F75,0,1,1,4294967295,0,0
JumpSwitchBlock,1312,64,75D4BBB6,0,1,1,4294967295,0,0
JumpSwitchBlock,1312,32,48033F42,0,1,1,4294967295,0,0
JumpSwitchBlockOff,1280,128,F5723835,0,1,1,4294967295,0,0
JumpSwitchBlockOff,1216,32,11DC87AB,0,1,1,4294967295,0,0
JumpSwitchBlockOff,1344,64,CFCB2C58,0,1,1,4294967295,0,0
JumpSwitchBlockOff,1344,96,06BC2CB9,0,1,1,4294967295,0,0
Cherry,1360,208,4DC6E5AA,0,1,1,4278255498,0,1
ShootBlock,1408,224,E7AF2168,0,1,1,4294967295,0,0
ShootBlock,1472,224,A277D686,0,1,1,4294967295,0,0
Cherry,1456,144,B65EFF04,0,1,1,4294967295,0,0
ShootRefresherCherry,1344,288,E3C13069,0,1,1,4294967295,0,0
ShootRefresherCherry,1376,416,F5BD03A3,0,1,1,4294967295,0,0
SquareRefresher,1440,0,C640259E,0,1,1,4294967295,0,0
Cherry,1520,336,928B08E4,0,1,1,4294967295,0,0
SavePointHard,1248,544,463CDEA7,0,1,1,4294967295,0,0
SavePointHard,1520,176,4CFFE855,0,1,1,4294967295,0,0
TriggerInstance,1344,32,12AFF6E5,0,1,1,4294967295,0,1
SolidSprite,1568,32,3A7799F1,0,1,1,4294967295,0,1
TrapRedirect,1408,96,E9E26887,0,1,1,4294967295,0,0
Item1,1088,480,62C388B8,0,1,1,4294967295,0,0
Platform,1088,512,B72F0F2C,0,1,1,4294967295,0,0
Platform,992,272,94187C52,0,3,1,4294967295,0,0
sprKiller,224,0,5337F9E0,0,1,1,4294967295,0,1
sprKiller,256,0,0E09869E,0,1,1,4294967295,0,1
sprKiller,288,0,367D578B,0,1,1,4294967295,0,1
sprKiller,320,0,A5BC953B,0,1,1,4294967295,0,1
TriggerInstance,896,320,5F604C98,0,13,8,1694498815,0,1
MusicPlayerActivated,1280,352,691EF6E6,0,1,1,4294967295,0,1
AntiSoftlockBlock,1408,128,7D4B719D,0,1,3,4294967295,0,1
AntiSoftlockBlock,1344,192,6F8804F4,0,1,1,4294967295,0,1
JumpSwitchBlock,1472,96,311BF222,0,1,1,4294967295,0,0
JumpSwitchBlock,1504,64,6E925F05,0,1,1,4294967295,0,0
JumpSwitchBlockOff,1408,544,2FE4FE51,0,1,1,4294967295,0,0
JumpSwitchBlockOff,1440,544,8ADA5501,0,1,1,4294967295,0,0
JumpSwitchBlockOff,1472,544,EE90DEBC,0,1,1,4294967295,0,0
JumpSwitchBlock,1504,416,FEB27485,0,1,1,4294967295,0,0
ScreenWrap,1408,-32,0A0C207A,0,3,1,4294967295,0,0
ScreenWrap,1408,608,F7413476,0,3,1,4294967295,0,0
AlignIndicator,1152,160,1FDD0FD7,0,1,1,4294967295,0,0
PlayerStart,32,-112,0F3D5A07,0,1,1,4294967295,0,0
PlayerStart,832,256,9A8B1BB1,0,1,1,4294967295,0,0
Water1,64,64,30EB1393,0,3,1,4294967295,0,0
CatharsisWater,32,-128,7AE9B758,0,1,4,4294967295,0,0
FocusZone,0,0,E93B04AC,0,7,10,4294967295,0,0
FocusZone,224,0,D5FC2EB2,0,4,10,4294967295,0,0
FocusZone,256,224,1B056BB8,0,2,4,4294967295,0,0
FocusZone,0,320,78D1AB04,0,11,4,4294967295,0,0
FocusZone,0,448,47D65A73,0,12,5,4294967295,0,0
FocusZone,256,384,B71F0EAA,0,2,3,4294967295,0,0
FocusZone,352,288,698C3B06,0,6,10,4294967295,0,0
FocusZone,544,288,7E69A970,0,8,10,4294967295,0,0
FocusZone,480,288,31C41A22,0,4,5,4294967295,0,0
FocusZone,672,0,4018BE16,0,4,10,4294967295,0,0
FocusZone,352,0,99336469,0,10,9,4294967295,0,0
FocusZone,800,0,0183A104,0,4,10,4294967295,0,0
FocusZone,832,0,1D575CF4,0,9,5,4294967295,0,0
FocusZone,928,160,11E5EE40,0,9,4,4294967295,0,0
FocusZone,1120,0,83947390,0,3,5,4294967295,0,0
FocusZone,1216,0,E280B3C7,0,5,8,4294967295,0,0
FocusZone,1376,0,EF49A4DD,0,7,8,4294967295,0,0
FocusZone,1344,256,2812A23A,0,8,11,4294967295,0,0
FocusZone,1312,96,12AE7BAD,0,4,4,4294967295,0,0
FocusZone,1216,256,89A556E6,0,4,11,4294967295,0,0
FocusZone,928,288,70985ABC,0,13,10,4294967295,0,0
FocusZone,800,320,4AB10264,0,3,9,4294967295,0,0
FocusZone,896,320,6B223D1A,0,2,9,4294967295,0,0
FocusZone,1120,32,765F0695,0,1,8,4294967295,0,0
FocusZone,1184,32,DAFC025F,0,1,5,4294967295,0,0
TriggerGroup,32,96,A668A1CB,0,1.6666666666667,2,4294967295,0,0
TriggerGroup,0,288,71C3CE47,0,3.3333333333333,2,4294967295,0,0
TriggerGroup,352,0,94DF2099,0,3.6666666666667,3,4294967295,0,0
