tile_shadow,832,1696,0,0,32,32,0,1,1,4294967295
tile_shadow,832,1728,0,0,32,32,0,1,1,4294967295
tile_shadow,832,1760,0,0,32,32,0,1,1,4294967295
bgTree2,1350,145,0,0,111,175,0,1,1,4294967295
bgTree2,1120,145,0,0,111,175,0,1,1,4294967295
bgBrownBlurry,672,576,0,32,32,32,0,1,1,4284440415
bgBrownBlurry,672,608,0,32,32,32,0,1,1,4284440415
bgBrownBlurry,704,608,0,32,32,32,0,1,1,4284440415
bgBrownBlurry,704,576,0,32,32,32,0,1,1,4284440415
bgBrownBlurry,736,608,0,32,32,32,0,1,1,4284440415
bgBrownBlurry,736,576,0,32,32,32,0,1,1,4284440415
bgBrownBlurry,736,640,0,32,32,32,0,1,1,4284440415
bgBrownBlurry,704,640,0,32,32,32,0,1,1,4284440415
bgBrownBlurry,928,928,0,32,32,32,0,1,1,4284308829
bgBrownBlurry,928,960,0,32,32,32,0,1,1,4284308829
bgBrownBlurry,960,960,0,32,32,32,0,1,1,4284308829
bgBrownBlurry,992,960,0,32,32,32,0,1,1,4284308829
bgBrownBlurry,992,928,0,32,32,32,0,1,1,4284308829
bgBrownBlurry,960,928,0,32,32,32,0,1,1,4284308829
bgBrownBlurry,992,896,0,32,32,32,0,1,1,4284308829
bgBrownBlurry,992,992,0,32,32,32,0,1,1,4284308829
bgBrownBlurry,992,1024,0,32,32,32,0,1,1,4284308829
bgBrownBlurry,992,1056,0,32,32,32,0,1,1,4284308829
bgBrownBlurry,992,1088,0,32,32,32,0,1,1,4284308829
bgBrownBlurry,992,1120,0,32,32,32,0,1,1,4284308829
bgBrownBlurry,960,1120,0,32,32,32,0,1,1,4284308829
bgBrownBlurry,928,1120,0,32,32,32,0,1,1,4284308829
bgBrownBlurry,896,1120,0,32,32,32,0,1,1,4284308829
bgBrownBlurry,1472,640,0,32,32,32,0,1,1,4282927176
bgBrownBlurry,1472,672,0,32,32,32,0,1,1,4282927176
bgBrownBlurry,1472,704,0,32,32,32,0,1,1,4282927176
bgBrownBlurry,1504,704,0,32,32,32,0,1,1,4282927176
bgBrownBlurry,1504,736,0,32,32,32,0,1,1,4282927176
bgBrownBlurry,1504,672,0,32,32,32,0,1,1,4282927176
bgBrownBlurry,1504,640,0,32,32,32,0,1,1,4282927176
bgBrownBlurry,1472,736,0,32,32,32,0,1,1,4282927176
