Piston,144,1344,1A211EF3,0,1,1,4294967295,0,1
Coin,1408,0,E7543BF2,0,6,6,436207615,0,1
Piston,1168,1760,5A65F0F0,0,1,1,4294967295,0,1
Piston,1488,1760,28D06855,0,1,1,4294967295,0,1
GuyTrap,621,1660,66C99E34,0,1,1,4294967295,90,1
GuyTrap,832,1680,B481EB38,0,1,1,4294967295,0,1
SpikeD,832,448,A4FA03EE,0,1,1,4294967295,0,1
SpikeD,864,480,50FCDEF3,0,1,1,4294967295,0,1
SpikeD,800,416,46114E9D,0,1,1,4294967295,0,1
SpikeD,928,544,FB5013A2,0,1,1,4294967295,0,1
SpikeU,-128,1760,CACDD2F0,0,1,1,4294967295,0,0
SpikeR,-128,1728,19F43B50,0,1,1,4294967295,0,0
SpikeD,-96,1728,3DD0FFE8,0,1,1,4294967295,0,0
SpikeL,-96,1760,AC3115A8,0,1,1,4294967295,0,0
MiniSpikeDown,-48,1728,3FCC1D75,0,1,1,4294967295,0,0
MiniSpikeRight,-64,1728,02FACEE0,0,1,1,4294967295,0,0
MiniSpikeLeft,-48,1744,E16E2F84,0,1,1,4294967295,0,0
MiniSpikeUp,-64,1744,B9A4529C,0,1,1,4294967295,0,0
SpikeTR,-128,1696,F1FAB361,0,1,1,4294967295,0,0
SpikeLT,-96,1696,B83906A0,0,1,1,4294967295,0,0
SpikeLB,-96,1664,276212BB,0,1,1,4294967295,0,0
SpikeBR,-128,1664,3D84EE8B,0,1,1,4294967295,0,0
sprKiller,-160,1696,1C617892,0,1,1,4294967295,0,0
SpikeLB,224,1696,81A63758,0,1,1,4294967295,0,0
SpikeLB,256,1728,CCFB9543,0,1,1,4294967295,0,0
SpikeLB,288,1760,B6D9F905,0,1,1,4294967295,0,0
SpikeR,352,1568,78D18469,0,1,1,4294967295,0,1
SpikeL,416,1472,DABA8A57,0,1,1,4294967295,0,1
SpikeD,352,1344,8FEB5ACF,0,1,1,4294967295,0,0
SpikeD,384,1344,57B54954,0,1,1,4294967295,0,0
SpikeD,416,1344,6A3AC949,0,1,1,4294967295,0,0
SpikeLT,224,1728,AB7CA7FE,0,1,1,4294967295,0,0
SpikeLT,256,1760,8ADC1EBF,0,1,1,4294967295,0,0
SpikeLT,288,1792,457DE3CA,0,1,1,4294967295,0,0
SpikeL,224,1760,855024DD,0,1,1,4294967295,0,0
SpikeL,256,1792,89C6085C,0,1,1,4294967295,0,0
SpikeD,0,1536,C7B9F527,0,1,1,4294967295,0,0
SpikeLT,32,1440,3E1689CC,0,1,1,4294967295,0,0
SpikeL,576,1440,5584FA6D,0,1,1,4294967295,0,0
SpikeR,544,1472,C6F874D7,0,1,1,4294967295,0,0
SpikeD,32,1280,F6679F62,0,1,1,4294967295,0,0
SpikeD,64,1280,928558E5,0,1,1,4294967295,0,0
SpikeTR,128,1536,B87D4A5C,0,1,1,4294967295,0,0
SpikeD,736,1344,49C6157C,0,1,1,4294967295,0,1
SpikeD,512,1600,0B7158C3,0,1,1,4294967295,0,0
SpikeD,1024,1280,887BB2C3,0,1,1,4294967295,0,1
SpikeL,992,1664,D41F003D,0,1,1,4294967295,0,0
SpikeL,928,1440,090F6925,0,1,1,4294967295,0,1
SpikeD,992,1344,75144326,0,1,1,4294967295,0,0
SpikeD,288,1600,840A5597,0,1,1,4294967295,0,0
SpikeD,320,1600,5AE202BA,0,1,1,4294967295,0,1
SpikeR,672,1344,93FCDBBF,0,1,1,4294967295,0,0
SpikeL,704,1536,9129DA25,0,1,1,4294967295,0,0
MiniSpikeUp,720,1616,A477DB74,0,1,1,4294967295,0,0
MiniSpikeUp,672,1616,796B4D0F,0,1,1,4294967295,0,0
MiniSpikeUp,608,1616,7146CD53,0,1,1,4294967295,0,0
SpikeLT,224,1344,F7EB6F1E,0,1,1,4294967295,0,0
SpikeTR,256,1344,1B95DC40,0,1,1,4294967295,0,0
SpikeR,864,1728,6762E405,0,1,1,4294967295,0,1
SpikeR,864,1760,6462E43D,0,1,1,4294967295,0,1
SpikeTR,1024,1696,F0F0098B,0,1,1,4294967295,0,0
SpikeLT,1056,1696,BB57A312,0,1,1,4294967295,0,0
SpikeTR,960,1472,687CB854,0,1,1,4294967295,0,0
SpikeD,1024,1472,D907C79E,0,1,1,4294967295,0,0
SpikeTR,288,1376,3172FC23,0,1,1,4294967295,0,0
SpikeLT,320,1376,5B6DC74F,0,1,1,4294967295,0,0
SpikeLB,320,1344,A9E227AB,0,1,1,4294967295,0,0
SpikeLB,512,1312,04AEB396,0,1,1,4294967295,0,0
SpikeLT,512,1344,4E7A1448,0,1,1,4294967295,0,0
SpikeTR,480,1344,4747B0CA,0,1,1,4294967295,0,0
SpikeD,192,1216,290D9285,0,1,1,4294967295,0,0
SpikeU,1152,1728,9C4F3F58,0,1,1,4294967295,0,1
SpikeU,1472,1728,60C9CF1F,0,1,1,4294967295,0,1
SpikeU,1200,1808,8E284359,0,1,1,4294967295,0,1
SpikeU,1248,1808,52CB2559,0,1,1,4294967295,0,1
SpikeU,1296,1808,9092B6D2,0,1,1,4294967295,0,1
SpikeU,1344,1808,678BEE51,0,1,1,4294967295,0,1
SpikeU,1392,1808,E9C276D6,0,1,1,4294967295,0,1
SpikeU,1456,1808,D265C691,0,1,1,4294967295,0,1
SpikeU,256,1264,CAE379DA,0,1,1,4294967295,0,1
SpikeD,288,1216,E31CF7E5,0,1,1,4294967295,0,1
SpikeD,320,1216,AD593FA9,0,1,1,4294967295,0,1
SpikeTR,128,1344,FAF140C0,0,1,1,4294967295,0,1
SpikeU,128,1312,BCC2BFF2,0,1,1,4294967295,0,1
SpikeLT,112,1248,D3CE84D5,0,1,1,4294967295,0,0
SpikeTR,144,1248,12758CF4,0,1,1,4294967295,0,0
SpikeD,160,1248,053ED9D0,0,1,1,4294967295,0,0
SpikeD,96,1248,9DA47E8A,0,1,1,4294967295,0,0
SpikeU,32,1408,FCD3C5DD,0,1,1,4294967295,0,0
SpikeU,384,1280,339E0FCC,0,1,1,4294967295,0,1
MiniSpikeUp,336,1456,4C0829BF,0,1,1,4294967295,0,0
MiniSpikeDown,336,1440,F4621DD4,0,1,1,4294967295,0,0
MiniSpikeDown,176,1376,027C2328,0,1,1,4294967295,0,0
MiniSpikeDown,192,1376,FBF5351A,0,1,1,4294967295,0,0
SpikeL,576,1696,22E6A957,0,1,1,4294967295,0,0
SpikeL,480,1216,B166AD2C,0,1,1,4294967295,0,0
SpikeD,384,1216,8A286996,0,1,1,4294967295,0,0
SpikeD,1216,1472,0E786EBF,0,1,1,4294967295,0,0
SpikeD,1312,1440,A1A845A4,0,1,1,4294967295,0,0
SpikeLT,1280,1472,E72AA880,0,1,1,4294967295,0,0
SpikeTR,1248,1504,3C0285B6,0,1,1,4294967295,0,0
SpikeU,512,1408,7E525CD1,0,1,1,4294967295,0,0
SpikeU,1536,1568,ED5BE5BD,0,1,1,4294967295,0,0
SpikeD,1472,1344,7A966ED4,0,1,1,4294967295,0,1
SpikeD,1504,1344,EABC4E0B,0,1,1,4294967295,0,1
SpikeD,1536,1376,D0B97CCB,0,1,1,4294967295,0,1
SpikeD,1536,1440,93D5B81C,0,1,1,4294967295,0,1
SpikeU,928,1760,8DDB90FF,0,1,1,4294967295,0,1
SpikeU,992,1760,296F56B1,0,1,1,4294967295,0,0
SpikeU,960,1760,429F389C,0,1,1,4294967295,0,1
SpikeU,1056,1408,C37EF9D7,0,1,1,4294967295,0,0
SpikeU,1024,1344,485FF134,0,1,1,4294967295,0,0
SpikeLB,1024,1536,05E3931F,0,1,1,4294967295,0,0
SpikeR,1024,1440,BDB1765B,0,1,1,4294967295,0,1
SpikeLT,224,1568,A54C5986,0,1,1,4294967295,0,0
SpikeTR,256,1568,3EE8EE03,0,1,1,4294967295,0,0
SpikeTR,192,1568,1FC4E7A7,0,1,1,4294967295,0,0
SpikeLT,352,1472,9BFD85D9,0,1,1,4294967295,0,0
SpikeL,288,1744,9E2E81FA,0,1,1,4294967295,0,0
MiniSpikeUp,711,592,04F0B962,0,1,1,4294967295,0,0
MiniSpikeUp,745,592,ACA1CB67,0,1,1,4294967295,0,0
MiniSpikeDown,711,608,3B2AD12F,0,1,1,4294967295,0,0
MiniSpikeDown,745,608,27790701,0,1,1,4294967295,0,0
SpikeU,672,592,6D54A378,0,1,1,4294967295,0,0
SpikeU,640,544,D71F952D,0,1,1,4294967295,0,0
SpikeU,64,896,9AB68483,0,9,9,4294967295,0,0
SpikeLT,160,640,0CEB301F,0,3,3,4294967295,0,0
SpikeLT,192,64,A4D7E82A,0,3,3,4294967295,0,0
SpikeLT,96,160,9619C637,0,3,3,4294967295,0,1
SpikeLT,288,32,26026CD4,0,1,1,4294967295,0,0
SpikeLT,64,416,936B0D1B,0,1,1,4294967295,0,0
SpikeU,576,128,85814D2C,0,2,2,4294967295,0,0
SpikeD,576,256,552E2A33,0,2,2,4294967295,0,0
SpikeLT,320,416,C5C10617,0,2,2,4294967295,0,0
SpikeLT,384,384,CA05113F,0,1,1,4294967295,0,0
SpikeR,1056,960,A6093990,0,5,5,4294967295,0,0
SpikeL,1280,928,D95EA08F,0,5,5,4294967295,0,0
SpikeL,1280,640,A188D551,0,4,4,4294967295,0,0
SpikeR,1056,512,477D05BC,0,7,7,4294967295,0,0
SpikeR,1152,896,E26BCA90,0,2,2,4294967295,0,0
SpikeL,1216,768,EBE0CD7C,0,5,5,4294967295,0,0
SpikeLT,1088,736,72EF87BB,0,5,5,4294967295,0,0
SpikeTR,1248,480,C35CB928,0,3,3,4294967295,0,0
SpikeR,640,192,1C38CB1B,0,2,2,4294967295,0,0
SpikeD,704,416,380BA794,0,1,1,4294967295,0,0
SpikeD,736,416,D8F86560,0,1,1,4294967295,0,0
SpikeD,768,416,774F1CDD,0,1,1,4294967295,0,0
SpikeTR,896,512,46F9D25D,0,2,2,4294967295,0,0
SpikeTR,448,384,21F498DB,0,2,2,4294967295,0,1
SpikeLT,416,32,58FACA24,0,1,1,4294967295,0,0
SpikeTR,320,32,FE258C0D,0,1,1,4294967295,0,0
SpikeD,256,640,C8D6379F,0,4,4,4294967295,0,0
SpikeU,1056,288,F65F04EF,0,2,2,4294967295,0,0
SpikeLT,1120,416,212B739D,0,2,2,4294967295,0,0
SpikeLT,992,160,9E9F46A3,0,2,2,4294967295,0,0
SpikeU,1152,1088,DE1557EE,0,3,3,4294967295,0,0
SpikeU,672,288,EC635ADF,0,1,1,4294967295,0,0
SpikeU,640,320,D2F8043E,0,1,1,4294967295,0,0
SpikeU,544,320,873D9C33,0,1,1,4294967295,0,0
SpikeU,512,288,9F3CAB03,0,1,1,4294967295,0,1
SpikeLT,1504,128,12207E20,0,1,1,4294967295,0,0
SpikeTR,1472,128,10A6BBAF,0,1,1,4294967295,0,0
SpikeTR,1440,96,B9EC3A5D,0,1,1,4294967295,0,0
SpikeBR,1440,64,0463A8F3,0,1,1,4294967295,0,0
SpikeBR,1472,32,0E0653F6,0,1,1,4294967295,0,0
SpikeLB,1504,32,FB379746,0,1,1,4294967295,0,0
SpikeLB,1536,64,346BDD05,0,1,1,4294967295,0,0
SpikeLB,1472,96,0BCD1787,0,1,1,4294967295,0,0
SpikeLT,1472,64,4D6BD97C,0,1,1,4294967295,0,0
SpikeTR,1504,64,ED0AF9C4,0,1,1,4294967295,0,0
SpikeU,896,288,458C6F1E,0,1,1,4294967295,0,1
SpikeU,864,256,42A7A422,0,1,1,4294967295,0,0
SpikeU,192,288,2DFAFB6E,0,1,1,4294967295,0,0
SpikeTR,352,160,EA4E8DCB,0,1,1,4294967295,0,0
SpikeD,384,192,C81906B3,0,1,1,4294967295,0,0
SpikeBR,96,448,183BE78A,0,3,3,4294967295,0,0
SpikeTR,544,448,3F9EA68F,0,1,1,4294967295,0,0
SpikeTR,576,480,7072242C,0,1,1,4294967295,0,0
SpikeLT,608,480,1FADD89F,0,1,1,4294967295,0,0
SpikeLT,640,448,50230C00,0,1,1,4294967295,0,0
SpikeU,896,864,3A43B596,0,1,1,4294967295,0,1
SpikeBR,864,896,0C00FAF1,0,1,1,4294967295,0,0
SpikeBR,928,704,A1A2C891,0,1,1,4294967295,0,0
SpikeLT,832,704,9AD4CCAA,0,2,2,4294967295,0,0
SpikeTR,800,736,46A79097,0,1,1,4294967295,0,0
SpikeTR,896,816,A5C702E6,0,1,1,4294967295,0,0
SpikeLT,512,672,E2722BEC,0,2,2,4294967295,0,0
SpikeLB,576,736,F8FB0F54,0,2,2,4294967295,0,0
SpikeTR,736,704,4C6783C9,0,1,1,4294967295,0,0
SpikeLB,608,736,DCE99022,0,1,1,4294967295,0,0
SpikeLT,544,704,AF43DA12,0,1,1,4294967295,0,0
SpikeD,608,864,3AE7FE7F,0,1,1,4294967295,0,0
SpikeD,576,864,5157B72C,0,1,1,4294967295,0,0
SpikeL,672,928,0FDBDE5B,0,1,1,4294967295,0,0
SpikeL,640,960,2C0AA7CD,0,1,1,4294967295,0,0
SpikeLB,704,1056,9EA674B8,0,1,1,4294967295,0,0
SpikeTR,864,992,7C82DE44,0,1,1,4294967295,0,0
SpikeTR,384,928,A65378B6,0,1,1,4294967295,0,0
SpikeL,416,992,D77CF9CB,0,1,1,4294967295,0,0
SpikeD,896,-32,532A6DEB,0,1,1,4294967295,0,1
SpikeD,928,-32,B76F14B2,0,1,1,4294967295,0,1
SpikeU,928,288,1EA2020F,0,1,1,4294967295,0,1
SpikeU,416,480,81AF45E6,0,1,1,4294967295,0,0
SpikeTR,352,704,6C45F06A,0,3,3,4294967295,0,0
SpikeTR,512,1088,A918164D,0,1,1,4294967295,0,0
SpikeLB,512,1152,54EBAE91,0,1,1,4294967295,0,0
SpikeD,528,1088,B9A8BFD5,0,1,1,4294967295,0,0
SpikeLB,480,1120,56E21DA1,0,1,1,4294967295,0,0
SpikeR,832,640,69E6CB47,0,1,1,4294967295,0,0
SpikeR,864,672,05F3FEEA,0,1,1,4294967295,0,0
SpikeR,863,576,8CB56ED3,0,1,1,4294967295,0,0
SpikeTR,800,416,51A2184D,0,3,3,4294967295,0,1
SpikeLB,832,640,0577BBE4,0,2,2,4294967295,0,1
SpikeBR,640,288,F69A1282,0,2,2,4294967295,0,1
SpikeLB,512,288,183F8E85,0,2,2,4294967295,0,1
SpikeL,512,192,10BC004E,0,2,2,4294967295,0,1
SpikeTall,-64,1696,55F1AA56,0,1,1,4294967295,0,0
SpikeTall,256,1296,A714B7B1,0,1,0.5,4294967295,0,0
SpikeTall,1023,1440,A0B415C3,0,1,2,4294967295,270,1
SpikeTall,1488,640,CC547F2A,0,1,4,4294967295,0,0
SpikeTall,1504,96,3F6B7D55,0,1,1,4294967295,0,0
SpikeBR,640,928,697C9578,0,2,2,4294967295,0,1
SpikeTall,416,512,C078EDAC,0,1,2,4294967295,0,0
SpikeTall,863,576,B851B227,0,1,1,4294967295,270,0
Warp,-32,736,FCADB5A9,0,1,9,4294967295,0,1
SpikeTall,672,624,5DE964D9,0,1,0.5,4294967295,0,0
SpikeU,384,480,B994523D,0,3,3,4294967295,0,1
Autotiler,64,1568,E883BB22,0,1,1,4294967295,0,1
Block,64,1664,852969BC,0,5,3,4294967295,0,0
Block,0,1696,616AD698,0,2,3,4294967295,0,0
Block,128,1472,9E3EB4CE,0,5,2,4294967295,0,0
Block,288,1472,ECE3FA2C,0,2,4,4294967295,0,0
Block,192,1312,9C030CAD,0,3,1,4294967295,0,0
Block,448,1440,9AD1BE94,0,2,7,4294967295,0,0
Block,0,1216,68CD2464,0,3,2,4294967295,0,0
Block,0,1408,BB8CED73,0,1,4,4294967295,0,0
Block,-32,1536,2FDB802D,0,1,6,4294967295,0,0
Block,320,1728,AAD068B1,0,3,3,4294967295,0,0
Block,608,1632,12A9FCBC,0,4,6,4294967295,0,0
Block,544,1152,4B175C9A,0,6,4,4294967295,0,0
Block,736,1536,D027808F,0,4,5,4294967295,0,0
Block,736,1184,AEB0CC14,0,4,4,4294967295,0,0
Block,0,1280,B443A78F,0,1,4,4294967295,0,0
Block,96,1216,E870235C,0,3,1,4294967295,0,0
Block,160,1344,E5B472A3,0,2,1,4294967295,0,0
Block,160,1536,05ADFF75,0,4,1,4294967295,0,0
Block,512,1440,D516E381,0,1,5,4294967295,0,0
Block,864,1504,B27E90E2,0,2,7,4294967295,0,0
Block,928,1152,7DAB8111,0,3,6,4294967295,0,0
Block,608,1344,23C5C61C,0,2,4,4294967295,0,0
Block,992,1472,5375E2C6,0,1,4,4294967295,0,0
Block,1024,1568,2853EBBA,0,3,1,4294967295,0,0
Block,960,1440,4BEE8BC0,0,4,1,4294967295,0,0
Block,736,1792,637B1ACC,0,12,1,4294967295,0,0
Block,1088,1760,D21F5462,0,3,1,4294967295,0,0
Block,1536,1600,300F86D5,0,1,4,4294967295,0,0
Block,1216,1408,5B4F17FF,0,3,2,4294967295,0,0
Block,1248,1472,19100A68,0,1,1,4294967295,0,0
Block,1312,1376,EB742E11,0,1,2,4294967295,0,0
Block,1280,1344,8C21F592,0,1,2,4294967295,0,0
Block,1024,1600,BE9CAFC5,0,2,3,4294967295,0,0
Block,1024,1376,36EB9879,0,1,2,4294967295,0,0
Block,1568,1088,13430A09,0,1,16,4294967295,0,0
Block,1024,1120,9B52D74A,0,2,5,4294967295,0,0
Block,1408,1088,A1901887,0,5,6,4294967295,0,0
Block,1440,928,5BB3507E,0,5,5,4294967295,0,0
Block,1440,1280,3C8E8CB8,0,4,2,4294967295,0,0
Block,896,896,993B2FFC,0,3,1,4294967295,0,0
Block,928,736,979570C0,0,5,5,4294967295,0,0
Block,1056,896,4313BB6B,0,3,2,4294967295,0,0
Block,1376,768,EE5187B8,0,5,5,4294967295,0,0
Block,1408,640,2EA6F264,0,2,4,4294967295,0,0
Block,960,512,F0778C17,0,3,7,4294967295,0,0
Block,1344,480,959A14CB,0,6,5,4294967295,0,0
Block,896,352,7B99AB0B,0,7,5,4294967295,0,0
Block,1120,320,B5622652,0,3,3,4294967295,0,0
Block,1312,352,FE2B9271,0,5,4,4294967295,0,0
Block,704,288,B191560F,0,6,4,4294967295,0,0
Block,512,352,2212CA53,0,6,3,4294967295,0,0
Block,288,288,CF7F3737,0,7,3,4294967295,0,0
Block,192,320,245C038E,0,3,3,4294967295,0,0
Block,0,64,45C6B1E8,0,3,11,4294967295,0,0
Block,0,0,08A2AE1D,0,9,2,4294967295,0,0
Block,96,64,36203985,0,3,3,4294967295,0,0
Block,288,0,8E964F24,0,5,1,4294967295,0,0
Block,0,416,0FCA97EA,0,2,7,4294967295,0,0
Block,224,416,2738BC86,0,3,2,4294967295,0,0
Block,288,384,45051394,0,3,1,4294967295,0,0
Block,384,576,22125907,0,9,3,4294967295,0,0
Block,576,192,FEA85D72,0,2,2,4294967295,0,0
Block,992,224,8353B2DE,0,2,4,4294967295,0,0
Block,960,160,1C572FE8,0,1,5,4294967295,0,0
Block,0,640,C9208083,0,5,3,4294967295,0,0
Block,768,576,A98EE53F,0,2,5,4294967295,0,0
Block,704,928,44C5E3EB,0,7,2,4294967295,0,0
Block,512,736,1C213178,0,2,5,4294967295,0,0
Block,576,800,810FDF87,0,3,2,4294967295,0,0
Block,512,1024,995B8FCE,0,6,2,4294967295,0,0
Block,640,1088,A1178676,0,6,1,4294967295,0,0
Block,448,672,7A8D85BF,0,2,6,4294967295,0,0
Block,416,864,CC5962F7,0,2,3,4294967295,0,0
Block,352,1120,2C26645A,0,4,3,4294967295,0,0
Block,512,1184,8A80D168,0,1,2,4294967295,0,0
Block,0,1184,0B8027F3,0,11,1,4294967295,0,0
Block,0,1024,465701F8,0,2,5,4294967295,0,0
Block,448,960,C5B88C5C,0,2,2,4294967295,0,0
Block,672,672,87AD78FB,0,3,1,4294967295,0,0
Block,672,640,F615695D,0,1,1,4294967295,0,0
Block,416,672,4159CB28,0,1,1,4294967295,0,0
Block,352,32,DC484D5E,0,2,4,4294967295,0,0
Block,1600,0,46635235,0,1,29,4294967295,0,0
Block,864,1152,A771207B,0,2,4,4294967295,0,0
Block,64,544,70BF283F,0,10,3,4294967295,0,0
Block,416,800,DA4E9D47,0,1,2,4294967295,0,0
Block,480,1024,F68BC643,0,1,1,4294967295,0,0
Block,512,992,CA8B956D,0,1,1,4294967295,0,0
Block,1536,1792,1B96860B,0,2,1,4294967295,0,0
Block,352,1312,E0C8E3CD,0,5,1,4294967295,0,0
ConveyorLeft,256,1440,B06E101E,0,1,1,4294967295,0,1
ConveyorLeft,224,1440,B32DFB4B,0,1,1,4294967295,0,1
ConveyorLeft,192,1440,C76A66FD,0,1,1,4294967295,0,1
ConveyorRight,128,1440,90E876BB,0,1,1,4294967295,0,1
Block,384,1280,96219F64,0,3,1,4294967295,0,0
Block,736,1312,D23982FC,0,1,1,4294967295,0,0
Block,736,1696,AC179164,0,3,3,4294967295,0,0
ConveyorRight,160,1440,6C775858,0,1,1,4294967295,0,1
Block,1600,1600,089E1035,0,1,6,4294967295,0,0
Block,896,320,C205F86B,0,3,1,4294967295,0,0
Block,1376,320,0AF31829,0,2,1,4294967295,0,0
Block,1472,416,F7FFF5B0,0,1,2,4294967295,0,0
Block,1536,800,66808913,0,1,4,4294967295,0,0
Block,384,160,CC825DEC,0,1,1,4294967295,0,0
Block,576,448,35846270,0,2,1,4294967295,0,0
Block,512,544,140AAAE2,0,1,1,4294967295,0,0
Block,1024,896,2FA814ED,0,1,7,4294967295,0,0
Block,896,992,5FB3138F,0,3,4,4294967295,0,0
Block,480,1152,5942CAE1,0,1,2,4294967295,0,0
WallJumpR,448,1504,612455C6,0,1,1,4294967295,0,0
WallJumpR,448,1568,7849BE9E,0,1,1,4294967295,0,0
WallJumpR,448,1536,BF029B67,0,1,1,4294967295,0,0
WallJumpR,448,1600,42ABA147,0,1,1,4294967295,0,0
WallJumpR,448,1472,D0D344CA,0,1,1,4294967295,0,0
WallJumpR,448,1440,82BDB074,0,1,1,4294967295,0,0
WallJumpL,896,1504,E5F87639,0,1,1,4294967295,0,0
WallJumpL,896,1568,86C01CD2,0,1,1,4294967295,0,0
WallJumpL,896,1536,1BB94B64,0,1,1,4294967295,0,0
WallJumpL,896,1600,020FDC43,0,1,1,4294967295,0,0
WallJumpL,896,1632,0212C28E,0,1,1,4294967295,0,0
WallJumpL,896,1664,9434643C,0,1,1,4294967295,0,0
WallJumpL,896,1696,B5BD05C0,0,1,1,4294967295,0,0
WallJumpR,448,1632,D021B2F3,0,1,1,4294967295,0,0
WallJumpR,1536,1632,A140FF0C,0,1,1,4294967295,0,0
WallJumpR,1536,1664,6CB4694A,0,1,1,4294967295,0,0
WallJumpR,1536,1696,67B24333,0,1,1,4294967295,0,0
WallJumpR,1536,1600,2DF7E3A6,0,1,1,4294967295,0,0
WallJumpL,512,1504,9E69655E,0,1,1,4294967295,0,0
WallJumpL,512,1536,0DA2011C,0,1,1,4294967295,0,0
WallJumpL,512,1568,A7184B86,0,1,1,4294967295,0,0
WallJumpL,1056,1440,33D60ED7,0,1,1,4294967295,0,0
WallJumpR,1344,576,570EB6E1,0,1,1,4294967295,0,0
WallJumpR,1344,608,29AC3132,0,1,1,4294967295,0,0
WallJumpL,960,1024,0AE6228B,0,1,1,4294967295,0,0
WallJumpL,960,1056,B857C9CB,0,1,1,4294967295,0,0
WallJumpL,960,1088,308F4994,0,1,1,4294967295,0,0
WallJumpL,960,992,FB41F763,0,1,1,4294967295,0,0
CautionFastR,416,800,3EE5A339,0,1,1,4294967295,0,0
CautionFastR,416,832,AE8BEA44,0,1,1,4294967295,0,0
Signpost,1216,1376,A3E01113,0,1,1,4294967295,0,1
Signpost,928,960,1DEE629D,0,1,1,4294967295,0,1
AntiSoftlockBlock,640,864,29A50D89,0,2,4,4294967295,0,0
AntiSoftlockBlock,1504,1760,82A4F488,0,1,1,4294967295,0,0
CherryYellow,592,1712,5F2220FE,0,1,1,4294967295,0,1
Piston,592,1712,D6C6F43E,0,1,1,4294967295,0,1
Coin,832,1760,AFACF8C6,0,1,1,1694498815,0,1
MusicPlayer,32,1568,003C2ED2,0,1,1,4294967295,0,1
Cherry,-48,1776,343260A1,0,1,1,4294967295,0,0
BulletBlock,-160,1728,5F840818,0,1,1,4294967295,0,0
SavePointHard,-160,1760,A8189D7C,0,1,1,4294967295,0,0
SavePointHard,160,1632,399FCBF8,0,1,1,4294967295,0,0
Cherry,272,1712,409736D7,0,1,1,4294967295,0,0
Cherry,304,1616,B4D63E33,0,1,1,4294967295,0,1
TriNiTrotoluene,688,1632,014306DA,0,1,1,4294967295,0,0
TriNiTrotoluene,624,1632,5F3EC896,0,1.5,1.5,4294967295,0,1
TriggerInstance,672,1344,E1A7A37B,0,2,1,4294967295,0,1
TrapDestroy,736,1536,0FBB1676,0,1,1,4294967295,0,0
TrapDestroy,320,1728,318C8D38,0,3,1,4294967295,0,0
Cherry,592,1712,B9CF17AF,0,1,1,4294967295,0,0
Trigger2,368,1568,9ED201B1,0,3,1,4294967295,0,0
Triggered2,416,1456,C9885B8D,0,1,1,4294967295,0,0
TriggerInstance,224,1648,5D098887,0,12,0.5,4294967295,0,1
SavePointHard,816,1504,0C92D45E,0,1,1,4294967295,0,0
Cherry,1520,1584,C275CB71,0,1,1,4294967295,0,1
TrapStop,288,1472,C136D1CC,0,1,1,4294967295,0,0
TrapStop,-160,1792,0F4E70E7,0,1,1,4294967295,0,0
TrapRedirect,-128,1792,2BB754B1,0,1,1,4294967295,0,0
TrapRedirect,128,1184,247403CF,0,1,1,4294967295,0,1
Cherry,96,1472,B77DA4FD,0,1,1,4294967295,0,0
SavePointStandMedium,160,1312,B9861C29,0,1,1,4294967295,0,0
TrapStop,608,1344,67DC14FC,0,1,1.5,4294967295,0,0
TrapStop,480,1312,96ECF3B8,0,1,1,4294967295,0,0
GuyTrap,0,1568,8A3B5E24,0,1,1,4294967295,0,1
TrapStop,224,1568,577E60BE,0,1,1,4294967295,0,0
TriggerInstance,896,1472,A1F57B8B,0,1,1,4294967295,0,1
Trigger1,928,1600,5E66A4EF,0,3,1,4294967295,0,0
Triggered1,912,1760,20192C4D,0,1,1,4294967295,0,0
TriNiTrotoluene,752,1584,507AF728,0,1,1,4294967295,0,0
TriNiTrotoluene,752,1536,1B8D1CEF,0,1,1,4294967295,0,0
Triggered3,320,1600,A3C0D680,0,1,1,4294967295,0,0
Trigger3,256,1600,1FE51534,0,1,3.5,4294967295,0,0
TriNiTrotoluene,736,1632,3781AABC,0,1,1,4294967295,0,0
Platform,1216,1792,72E84B41,0,1.5,1,4294967295,0,1
Platform,1120,1568,6DE5AFE4,0,1,1,4294967295,0,1
Triggered2,352,1552,5BF3C69E,0,1,1,4294967295,0,0
TriggerInstance,544,1504,BA175584,0,0.5,3,4294967295,0,1
TrapStop,640,1376,F82E2885,0,1,2,4294967295,0,0
TrapRedirect,256,1184,1CDFEAB0,0,8,1,4294967295,0,0
Trigger5,1184,1760,680632B2,0,9,1,4294967295,0,0
TrapStop,1152,1616,C67F3553,0,1,1,4294967295,0,0
TrapStop,1472,1616,D7BEF1E5,0,1,1,4294967295,0,0
Triggered5,1152,1712,F19A8629,0,1,1,4294967295,0,0
Triggered5,1472,1712,DE49F560,0,1,1,4294967295,0,0
Triggered5,1184,1808,8F917626,0,1,1,4294967295,0,0
Triggered5,1232,1808,7E955301,0,1,1,4294967295,0,0
Triggered5,1280,1808,DF1FC1D1,0,1,1,4294967295,0,0
Triggered5,1328,1808,0E2DCAED,0,1,1,4294967295,0,0
Triggered5,1376,1808,F3332152,0,1,1,4294967295,0,0
Triggered5,1440,1808,C1688489,0,1,1,4294967295,0,0
BreakableBlock,1472,1760,2CFCD321,0,1,1,4294967295,0,1
BreakableBlock,1504,1760,426DC2AB,0,1,1,4294967295,0,1
TriggerCode,1504,1728,8B10A500,0,1,1,4294967295,0,1
GuyTrap,1594,1664,D237D6B1,0,-1,1,4294967295,0,1
TriggerCode,1568,1632,2E9E4280,0,1,1,4294967295,0,1
TrapRedirect,960,1792,CF49BD5C,0,2,1,4294967295,0,1
TrapDestroy,992,1312,C4AF4002,0,1,1,4294967295,0,0
BulletBlock,1104,1792,C3870509,0,1,1,4294967295,0,0
BulletBlock,1520,1792,02861F72,0,1,1,4294967295,0,0
TriggerCode,288,1440,BC793E7E,0,1,1,4294967295,0,1
TriggerMultiple,288,1440,3FEC9E4F,0,3,1,4294967295,0,1
BreakableBlock,288,1312,DDF41B86,0,1,1,4294967295,0,1
TriggerMultiple,304,1280,B592574A,0,1.5,1,4294967295,0,1
BreakableBlock,288,1344,7AD2AD51,0,1,1,4294967295,0,1
BreakableBlock,320,1312,AE0B685C,0,1,1,4294967295,0,1
TriggerInstance,128,1376,D5F4AE73,0,1,2,4294967295,0,1
TrapStop,128,1440,7BAE7362,0,1,1,4294967295,0,0
TriggerInstance,416,1248,028EBB6D,0,2,1,4294967295,0,1
BreakableBlock,32,1408,CA603E6E,0,1,1,4294967295,0,1
TriggerMultiple,32,1328,2183E9AF,0,1,2.5,4294967295,0,1
TriggerCode,64,1376,8E11B6C9,0,1,1,4294967295,0,1
YokuBlock,512,1312,12E9CF68,0,3,1,4294967295,0,0
TriggerInstance,480,1264,F2A4B55F,0,1,1.5,4294967295,0,1
TriggerCode,528,1280,3ED5B731,0,1,1,4294967295,0,1
PersistentBackgrounds,80,1504,D5E6C4D9,0,1,1,4294967295,0,0
TriggerCode,352,1248,2E9A453D,0,1,1,4294967295,0,1
AddTrigger,368,1232,4470C08E,0,1,1,4294967295,0,1
TriggerMultiple,352,1280,7A2F4CE7,0,1,1,4294967295,0,1
TriggerInstance,392,1248,B476F999,0,0.75,1,4294967295,0,1
Cherry,128,1264,59B652E5,0,1,1,4294967295,0,1
AddTrigger,1120,1552,9177E0CA,0,1,1,4294967295,0,1
TriggerInstance,1248,1504,DB881EDD,0,1,3,4294967295,0,1
BulletBlock,1472,1568,B130DC0A,0,1,1,4294967295,0,0
BreakableBlock,1504,1568,701F43CE,0,1,1,4294967295,0,1
BreakableBlock,1536,1568,4EF09460,0,1,1,4294967295,0,1
TriggerMultiple,1504,1536,615B7115,0,2,1,4294967295,0,1
TriggerCode,1472,1536,11876288,0,1,1,4294967295,0,1
TrapDestroy,1504,1408,755412BC,0,1,1,4294967295,0,0
BreakableBlock,1440,1344,ECEC45DC,0,1,1,4294967295,0,1
BreakableBlock,1472,1344,3133AC7F,0,1,1,4294967295,0,1
BreakableBlock,1504,1344,A8966291,0,1,1,4294967295,0,1
BreakableBlock,1440,1376,38465AB8,0,1,1,4294967295,0,1
BreakableBlock,1472,1376,1F9B412D,0,1,1,4294967295,0,1
BreakableBlock,1504,1376,7376246C,0,1,1,4294967295,0,1
BreakableBlock,1536,1376,CD1431BF,0,1,1,4294967295,0,1
BreakableBlock,1440,1408,F5D4B5FB,0,1,1,4294967295,0,1
BreakableBlock,1472,1408,F87D5EA5,0,1,1,4294967295,0,1
BreakableBlock,1504,1408,A41627D8,0,1,1,4294967295,0,1
BreakableBlock,1536,1408,AF46A4E5,0,1,1,4294967295,0,1
TriNiTrotoluene,1504,1408,053DF39E,0,1,1,4294967295,0,1
Platform,992,1600,5BE35433,0,1,1,4294967295,0,0
Triggered1,976,1760,15422E2A,0,0.5,1,4294967295,0,0
Cherry,1040,1328,29696734,0,1,1,4294967295,0,1
TrapRedirect,1024,1536,3E4E28E2,0,1,1,4294967295,315,1
TriggerMultiple,1280,1536,9CC13C67,0,5.5,1,4294967295,0,1
LockedTriggerFree,1392,1488,A800FC00,0,1,2,4294967295,0,1
Platform,1376,1792,3EDBF4C1,0,1.5,1,4290806015,0,1
TriggerMultiple,1152,1664,B906C896,0,1,3,4294967295,0,1
TriggerMultiple,1472,1664,52FBFAE9,0,1,3,4294967295,0,1
FakeBlock,832,1728,E4D55E31,0,1,1,4294967295,0,0
FakeBlock,832,1760,7F93C1D1,0,1,1,4294967295,0,0
FakeBlock,832,1696,A82AD183,0,1,1,4294967295,0,0
SavePointHard,1344,1152,D46C9A7A,0,1,1,4294967295,0,0
TrapRedirect,880,1440,02902958,0,1,1,4294967295,0,1
TextDraw,1168,48,FAB317D6,0,0.4,0.4,4294967295,0,1
SolidSprite,792,1730,F012ADAE,0,-1,1,4294967295,0,1
TriggerRelay,960,1696,0036C01D,0,1,1,4294967295,0,1
TriggerFree,192,1568,1B9FCC3A,0,1,3,4294967295,0,1
TriggeredFree,0,1600,7279A982,0,1,1,4294967295,0,1
TriggerInstance,288,1632,01FA995D,0,1,3,4294967295,0,1
LockedTriggerFree,304,1680,BA2C4BDF,0,1,1,4294967295,0,1
SavePointStandMedium,1552,1760,43C84E22,0,1,1,4294967295,0,0
SavePointStandMedium,480,1408,577ACAEA,0,1,1,4294967295,0,0
TriggerCode,928,1376,7E64ADD3,0,1,1,4294967295,0,1
AddTrigger,960,1552,1758EE11,0,1,1,4294967295,0,1
Triggered1,960,1552,5C64AF81,0,1,1,4294967295,0,0
TriggerRelay,896,1344,CA231FFC,0,1,1,4294967295,0,1
Cherry,1456,1552,23F3D1EC,0,1,1,4294967295,0,0
SwitchAny,736,672,D0B27490,0,1,1,4294967295,90,1
Ladder,896,768,2A9C3E28,0,1,1,4294967295,0,0
Ladder,896,736,A5D74D77,0,1,1,4294967295,0,0
Ladder,896,704,F33B3359,0,1,1,4294967295,0,0
Ladder,896,672,E79305DC,0,1,1,4294967295,0,0
Ladder,896,640,2C329881,0,1,1,4294967295,0,0
Ladder,896,608,B20BE2ED,0,1,1,4294967295,0,0
Ladder,896,576,42E1F8D7,0,1,1,4294967295,0,0
Platform,896,800,73D706B5,0,1,1,4294967295,0,0
SavePointHard,256,288,BFDBFF31,0,1,1,4294967295,0,0
Ladder,1280,1216,74D3D525,0,1,1,4294967295,0,0
Ladder,1280,1248,4224D406,0,1,1,4294967295,0,0
Ladder,1280,1280,E7BACFD0,0,1,1,4294967295,0,0
Ladder,1280,1312,F0102CF7,0,1,1,4294967295,0,0
Ladder,1280,1184,61C627F5,0,1,1,4294967295,0,0
Platform,1088,1184,0AC336D2,0,6,1,4294967295,0,0
Platform,1312,1184,55DD400D,0,3,1,4294967295,0,0
Platform,1248,480,E580E41C,0,2,1,1694498815,0,0
Ladder,1248,352,63A883EA,0,1,1,4294967295,0,0
Ladder,1248,384,57D3C22D,0,1,1,4294967295,0,0
Ladder,1248,416,B4AD0BBE,0,1,1,4294967295,0,0
Ladder,1248,448,E89ADE1D,0,1,1,4294967295,0,0
Platform,1216,352,9F84142F,0,3,1,4294967295,0,0
SquareRefresher,1248,768,FEADCE33,0,1,1,4294967295,0,0
TriggerMultiple,1088,704,8B065172,0,5,1,4294967295,0,1
Platform,1536,1728,C9342DDF,0,1,1,4294967295,0,0
Platform,1152,1072,31833786,0,3,1,4294967295,0,0
PlatformGizmo,1216,960,ADC8DF1F,0,2,1,4294967295,90,1
PlatformGizmo,1088,736,ADC728C2,0,5,1,4294967295,0,1
TriggerInstance,1040,688,0F969040,0,12.5,1.5,4294967295,0,1
TriggerCode,1248,160,696679FC,0,2,2,4294967295,0,1
TriggerInstance,1216,288,9B56EE8A,0,4,2,4294967295,0,1
CameraFocus,1024,448,92A66F58,0,15,9,4294967295,0,0
TriggerCode,1280,160,224FD640,0,2,2,4294967295,0,1
YokuBlock,1504,256,A89972F5,0,1,1,4294967295,0,0
YokuBlock,1568,160,B280F4DA,0,1,1,4294967295,0,0
YokuBlock,864,0,3B1F5D1D,0,1,1,4294967295,0,0
YokuBlock,864,32,AF5D5E22,0,1,1,4294967295,0,0
YokuBlock,864,64,554AC4C4,0,1,1,4294967295,0,0
YokuBlock,864,96,BC97F72F,0,1,1,4294967295,0,0
YokuBlock,864,128,55605583,0,1,1,4294967295,0,0
YokuBlock,864,160,F9B94965,0,1,1,4294967295,0,0
TriggerInstance,896,64,5618B7C2,0,1,6,4294967295,0,1
SavePointHard,1344,320,D5D71FF6,0,1,1,4294967295,0,0
TriggerInstance,512,224,E1C76418,0,1.5,3,4294967295,0,1
TriggerInstance,96,352,92F0F4DF,0,3,1,4294967295,0,1
TrapStop,96,544,78637B98,0,4,1,4294967295,0,0
TrapStop,416,352,2CE5A8B7,0,1,1,4294967295,0,1
TrapStop,416,576,8C6A8133,0,1,1,4294967295,0,1
TrapStop,352,384,390EC3FD,0,1,1,4294967295,0,0
TriggerInstance,896,640,D849B410,0,1,1,4294967295,0,1
Cherry,672,896,3E0B0202,0,3,3,4294967295,0,1
PlatformGizmo,384,912,E17E81AD,0,1,1,4294967295,0,0
PlatformGizmo,416,992,C399405D,0,1,1,4294967295,270,1
TriggerInstance,896,0,17499C31,0,2,2,4294967295,0,1
TriggerInstance,928,192,908375DA,0,1,2,4294967295,0,1
TriggerInstance,416,384,CEF606DF,0,1,3,4294967295,0,1
SavePointHard,480,928,F6D7FADA,0,1,1,4294967295,0,0
SavePointStandMedium,432,1088,382CCE9F,0,1,1,1694498815,0,0
LockedTrigger2,544,1616,317A7BD2,0,2,1.5,4294967295,0,0
LockedTrigger1,880,1472,686A7003,0,1,1,4294967295,0,0
LockedTrigger3,176,1568,09DB6A2B,0,1,1,4294967295,0,0
LockedTrigger5,1136,1664,D94891D9,0,1,1,4294967295,0,0
LockedTrigger5,1488,1664,E2C1E2F3,0,1,1,4294967295,0,0
PlayerStart,128,1632,96BD2CE7,0,1,1,4294967295,0,0
