SpikeU,-128,544,9218099D,0,1,1,4294967295,0,0
SpikeR,-128,512,ED98214E,0,1,1,4294967295,0,0
SpikeD,-96,512,0FAD4953,0,1,1,4294967295,0,0
SpikeL,-96,544,B1CD4DC7,0,1,1,4294967295,0,0
MiniSpikeDown,-48,512,2D76EA92,0,1,1,4294967295,0,0
MiniSpikeRight,-64,512,6AD3A1A1,0,1,1,4294967295,0,0
MiniSpikeLeft,-48,528,52C0C925,0,1,1,4294967295,0,0
MiniSpikeUp,-64,528,859C38D5,0,1,1,4294967295,0,0
SpikeTR,-128,480,277B341A,0,1,1,4294967295,0,0
SpikeLT,-96,480,F119D6AE,0,1,1,4294967295,0,0
SpikeLB,-96,448,B81DDFB8,0,1,1,4294967295,0,0
SpikeBR,-128,448,9652EC9A,0,1,1,4294967295,0,0
sprKiller,-160,480,5DD6B26E,0,1,1,4294967295,0,0
SpikeTall,-64,480,96707B62,0,1,1,4294967295,0,0
Autotiler,224,96,E54220D7,0,1,1,4294967295,0,1
Block,0,432,217B8BA1,0,25,6,4294967295,0,0
Block,0,0,3571E89F,0,25,2.625,4294967295,0,0
Block,800,0,24FABDCD,0,1,19,4294967295,0,0
Block,-32,0,A9488023,0,1,19,4294967295,0,0
aSingleRain,0,0,000BEC45,0,1,1,4294967295,0,0
TriggerCodeInterval,256,96,CBB13536,0,1,1,4294967295,0,1
PersistentBackgrounds,288,96,FFC56542,0,1,1,4294967295,0,0
Cherry,-48,560,C73D37B7,0,1,1,4294967295,0,0
BulletBlock,-160,512,0EBF9F86,0,1,1,4294967295,0,0
Platform,576,416,D27F93DD,0,1,1,4294967295,0,0
BatterBoss,224,288,BA17393A,0,2,2,4294967295,0,0
PlayerStart,606,384,874E00F7,0,-1,1,4294967295,0,1
Water3,15,84,CA9DBF14,0,5,10.9375,4286578943,0,0
Water3,623,84,8F7DCE45,0,5,10.9375,4286578943,0,0
