SpikeU,-128,544,CACDD2F0,0,1,1,4294967295,0,0
SpikeR,-128,512,19F43B50,0,1,1,4294967295,0,0
SpikeD,-96,512,3DD0FFE8,0,1,1,4294967295,0,0
SpikeL,-96,544,AC3115A8,0,1,1,4294967295,0,0
MiniSpikeDown,-48,512,3FCC1D75,0,1,1,4294967295,0,0
MiniSpikeRight,-64,512,02FACEE0,0,1,1,4294967295,0,0
MiniSpikeLeft,-48,528,E16E2F84,0,1,1,4294967295,0,0
MiniSpikeUp,-64,528,B9A4529C,0,1,1,4294967295,0,0
SpikeTR,-128,480,F1FAB361,0,1,1,4294967295,0,0
SpikeLT,-96,480,B83906A0,0,1,1,4294967295,0,0
SpikeLB,-96,448,276212BB,0,1,1,4294967295,0,0
SpikeBR,-128,448,3D84EE8B,0,1,1,4294967295,0,0
sprKiller,-160,480,1C617892,0,1,1,4294967295,0,0
SpikeTR,160,32,9A52D353,0,1,1,4294967295,0,0
SpikeU,144,272,A01A76B9,0,1,1,4294967295,0,0
SpikeD,144,304,B7867A27,0,1,1,4294967295,0,0
SpikeBR,192,320,FECEDB08,0,1,1,4294967295,0,0
SpikeTR,192,352,A1C9AA14,0,1,1,4294967295,0,0
SpikeR,208,192,DF8BA538,0,1,1,4294967295,0,0
SpikeL,176,192,55E5D4E4,0,1,1,4294967295,0,0
SpikeL,208,208,E03E6791,0,1,1,4294967295,0,0
SpikeD,192,64,86326736,0,1,1,4294967295,0,0
SpikeU,128,96,090362FD,0,1,1,4294967295,0,0
SpikeR,160,400,2371D450,0,1,1,4294967295,0,0
SpikeL,160,416,86483EEE,0,1,1,4294967295,0,0
SpikeBR,192,480,EA6D3ACF,0,1,1,4294967295,0,0
SpikeR,160,432,CE97C3E0,0,1,1,4294967295,0,0
SpikeLT,128,512,FC37936E,0,1,1,4294967295,0,0
SpikeTR,192,512,6D7957B1,0,1,1,4294967295,0,0
SpikeLT,224,512,8ED40A5C,0,1,1,4294967295,0,0
SpikeTall,-64,480,55F1AA56,0,1,1,4294967295,0,0
Autotiler,128,32,E883BB22,0,1,1,4294967295,0,1
Block,0,32,003F7A19,0,1,17,4294967295,0,0
Block,0,576,001A25E1,0,25,1,4294967295,0,0
Block,768,32,00401B8D,0,1,17,4294967295,0,0
Block,0,0,00256BF1,0,25,1,4294967295,0,0
Block,32,128,FABDF26D,0,3,14,4294967295,0,0
StickyBlock,128,160,A0ACCD26,0,1,1,4294967295,0,0
StickyBlock,128,192,0BC2BA29,0,1,1,4294967295,0,0
StickyBlock,128,224,127B5225,0,1,1,4294967295,0,0
Block,128,128,C1B36F0F,0,1,1,4294967295,0,0
StickyBlock,224,160,0946B338,0,1,1,4294967295,0,0
StickyBlock,224,192,3F450033,0,1,1,4294967295,0,0
StickyBlock,224,224,50E262BA,0,1,1,4294967295,0,0
Block,256,64,DF098907,0,3,3,4294967295,0,0
Block,192,32,BC7135F2,0,6,1,4294967295,0,0
StickyBlock,128,256,BABA535A,0,1,1,4294967295,0,0
StickyBlock,128,288,A474E5EB,0,1,1,4294967295,0,0
StickyBlock,128,320,DEA0B111,0,1,1,4294967295,0,0
StickyBlock,224,256,02D3FA84,0,1,1,4294967295,0,0
StickyBlock,224,288,6B647921,0,1,1,4294967295,0,0
StickyBlock,224,320,6B9927E1,0,1,1,4294967295,0,0
StickyBlock,128,352,83F9EEE9,0,1,1,4294967295,0,0
StickyBlock,128,384,A36AB3C1,0,1,1,4294967295,0,0
StickyBlock,128,416,BEB5006C,0,1,1,4294967295,0,0
StickyBlock,224,352,3887DD09,0,1,1,4294967295,0,0
StickyBlock,224,384,C6626872,0,1,1,4294967295,0,0
StickyBlock,224,416,6887C60F,0,1,1,4294967295,0,0
StickyBlock,128,448,2371BF56,0,1,1,4294967295,0,0
StickyBlock,224,448,8063C6F3,0,1,1,4294967295,0,0
StickyBlock,128,480,58D42197,0,1,1,4294967295,0,0
StickyBlock,224,480,31DECAD8,0,1,1,4294967295,0,0
StickyBlock,224,64,B47535E5,0,1,1,4294967295,0,0
StickyBlock,224,96,E08F57CA,0,1,1,4294967295,0,0
StickyBlock,224,128,CD541095,0,1,1,4294967295,0,0
MusicPlayer,96,32,003C2ED2,0,1,1,4294967295,0,1
Cherry,-48,560,343260A1,0,1,1,4294967295,0,0
BulletBlock,-160,512,5F840818,0,1,1,4294967295,0,0
SavePointHard,-160,544,A8189D7C,0,1,1,4294967295,0,0
CherryNoVertical,160,160,88BD2C5A,0,1,1,4294967295,0,1
CherryNoVertical,192,160,4A9C8811,0,1.5,1.5,4294967295,0,1
CherryNoVertical,224,160,D7AA23B2,0,1,1,4294967295,0,1
PlayerStart,64,96,96BD2CE7,0,1,1,4294967295,0,0
