tile_rorgrass,2624,1216,704,256,32,32,0,1,1,4294967295
tile_rorgrass,2784,1216,704,256,32,32,0,1,1,4294967295
tile_rorgrass,2816,1216,704,256,32,32,0,1,1,4294967295
tile_rorgrass,2848,1216,704,256,32,32,0,1,1,4294967295
tile_rorgrass,2880,1216,704,256,32,32,0,1,1,4294967295
tile_rorgrass,2912,1216,704,256,32,32,0,1,1,4294967295
tile_rorgrass,2944,1216,704,256,32,32,0,1,1,4294967295
tile_rorgrass,2976,1216,704,256,32,32,0,1,1,4294967295
tile_rorgrass,3008,1216,704,256,32,32,0,1,1,4294967295
tile_rorgrass,3040,1216,704,256,32,32,0,1,1,4294967295
tile_rorgrass,3072,1216,704,256,32,32,0,1,1,4294967295
tile_rorgrass,3104,1216,704,256,32,32,0,1,1,4294967295
tile_rorgrass,3136,1216,704,256,32,32,0,1,1,4294967295
tile_rorgrass,3168,1216,736,256,32,32,0,1,1,4294967295
tile_rorgrass,3168,1248,736,288,32,32,0,1,1,4294967295
tile_rorgrass,3168,1280,736,288,32,32,0,1,1,4294967295
tile_rorgrass,3168,1312,736,288,32,32,0,1,1,4294967295
tile_rorgrass,3136,1312,832,192,32,32,0,1,1,4294967295
tile_rorgrass,2432,1216,704,256,32,32,0,1,1,4294967295
tile_rorgrass,2400,1312,672,320,32,32,0,1,1,4294967295
tile_rorgrass,2400,1248,672,288,32,32,0,1,1,4294967295
tile_rorgrass,2400,1216,672,256,32,32,0,1,1,4294967295
tile_rorgrass,2688,1216,416,96,64,32,0,1,1,4294967295
tile_rorgrass,2656,1216,736,256,32,32,0,1,1,4294967295
tile_rorgrass,2752,1216,672,256,32,32,0,1,1,4294967295
tile_rorgrass,3104,1312,672,320,32,32,0,1,1,4294967295
tile_rorgrass,2400,1280,672,288,32,32,0,1,1,4294967295
tile_rorgrass,2592,1184,160,32,32,32,0,1,1,4294967295
tile_rorgrass,2592,1216,160,96,32,32,0,1,1,4294967295
tile_rorgrass,2464,1216,256,96,32,32,0,1,1,4294967295
tile_rorgrass,2464,1184,256,32,32,32,0,1,1,4294967295
tile_rorgrass,2432,1184,224,32,32,32,0,1,1,4294967295
tile_rorgrass,2656,1184,320,32,32,32,0,1,1,4294967295
tile_rorgrass,2624,1184,192,32,32,32,0,1,1,4294967295
tile_rorgrass,2688,1184,192,32,32,32,0,1,1,4294967295
tile_rorgrass,2720,1184,192,32,32,32,0,1,1,4294967295
tile_rorgrass,2784,1184,320,32,32,32,0,-1,1,4294967295
tile_rorgrass,2784,1184,352,32,32,32,0,1,1,4294967295
tile_rorgrass,2816,1184,384,32,32,32,0,1,1,4294967295
tile_rorgrass,2400,1184,384,32,32,32,0,1,1,4294967295
tile_rorgrass,2848,1184,416,32,32,32,0,1,1,4294967295
tile_rorgrass,2880,1184,416,32,32,32,0,1,1,4294967295
tile_rorgrass,2912,1184,448,32,32,32,0,1,1,4294967295
tile_rorgrass,2944,1184,352,32,32,32,0,1,1,4294967295
tile_rorgrass,2976,1184,384,32,32,32,0,1,1,4294967295
tile_rorgrass,3008,1184,224,32,32,32,0,1,1,4294967295
tile_rorgrass,3040,1184,224,32,32,32,0,1,1,4294967295
tile_rorgrass,3072,1184,224,64,32,32,0,1,1,4294967295
tile_rorgrass,3072,1152,160,32,32,32,0,1,1,4294967295
tile_rorgrass,3104,1152,224,64,32,32,0,1,1,4294967295
tile_rorgrass,3104,1120,160,32,32,32,0,1,1,4294967295
tile_rorgrass,3136,1120,224,32,32,32,0,1,1,4294967295
tile_rorgrass,3168,1120,224,32,32,32,0,1,1,4294967295
tile_rorgrass,3104,1184,352,64,32,32,0,1,1,4294967295
tile_rorgrass,3136,1152,416,96,32,32,0,1,1,4294967295
tile_rorgrass,3136,1184,416,128,32,32,0,1,1,4294967295
tile_rorgrass,3168,1152,448,96,32,64,0,1,1,4294967295
tile_rorgrass,2368,1024,800,352,64,160,0,1,1,4294967295
tile_rorgrass,2432,1024,736,320,32,32,0,1,1,4294967295
tile_rorforest,2720,928,96,192,32,32,0,1,1,4294967295
tile_rorforest,2688,928,64,192,32,32,0,1,1,4294967295
tile_rorforest,2784,928,96,192,32,32,0,1,1,4294967295
tile_rorforest,3136,992,96,192,32,32,0,1,1,4294967295
tile_rorforest,2976,928,96,192,32,32,0,1,1,4294967295
tile_rorforest,2944,928,64,192,32,32,0,1,1,4294967295
tile_rorforest,3040,960,96,192,32,32,0,1,1,4294967295
tile_rorforest,3072,960,128,192,32,32,0,1,1,4294967295
tile_rorforest,3040,1152,320,64,32,32,0,1,1,4294967295
tile_rorforest,2160,1008,768,352,32,160,0,1,1,4294967295
tile_rorforest,2160,976,992,384,32,32,0,1,1,4294967295
tile_rorforest,2160,912,992,352,32,32,0,1,1,4294967295
tile_rorforest,2160,944,768,416,32,32,0,1,1,4294967295
tile_rorforest,2192,848,736,384,32,32,0,1,1,4294967295
tile_rorforest,2128,848,704,384,32,32,0,1,1,4294967295
tile_rorforest,2256,736,704,384,32,32,0,1,1,4294967295
tile_rorforest,2368,1184,768,224,32,32,0,1,1,4282400832
tile_rorforest,1632,1008,736,384,32,32,0,1,1,4294967295
tile_rorforest,1632,1040,736,384,32,32,0,1,1,4294967295
tile_rorforest,1600,1040,768,224,32,32,0,1,1,4294967295
tile_rorforest,1600,1008,768,224,32,32,0,1,1,4294967295
tile_rorforest,1568,1008,704,384,32,32,0,1,1,4294967295
tile_rorforest,1568,1040,704,384,32,32,0,1,1,4294967295
tile_rorforest,1696,912,768,224,32,32,0,1,1,4294967295
tile_rorforest,1728,912,768,224,32,32,0,1,1,4294967295
tile_rorgrass,1632,1072,480,288,32,32,0,1,1,4294967295
tile_rorgrass,1600,1072,448,288,32,32,0,1,1,4294967295
tile_rorgrass,1568,1072,416,288,32,32,0,1,1,4294967295
tile_rorgrass,1600,992,384,256,32,32,0,1,1,4294967295
tile_rorgrass,1568,992,416,288,32,32,0,1,1,4294967295
tile_rorgrass,2672,1152,512,320,32,32,0,1,1,4294967295
tile_rorgrass,2432,1056,704,160,32,32,0,1,1,4294967295
tile_rorgrass,2496,1024,736,160,32,32,0,1,1,4294967295
tile_rorgrass,2464,1024,704,160,32,32,0,1,1,4294967295
tile_IWBTG,3232,1792,32,32,32,32,0,1,1,4294967295
tile_IWBTG,3264,1792,32,32,32,32,0,1,1,4294967295
tile_IWBTG,3296,1792,32,32,32,32,0,1,1,4294967295
tile_IWBTG,3328,1792,32,32,32,32,0,1,1,4294967295
tile_IWBTG,3360,1792,32,32,32,32,0,1,1,4294967295
tile_IWBTG,3392,1792,32,32,32,32,0,1,1,4294967295
tile_IWBTG,3424,1792,32,32,32,32,0,1,1,4294967295
tile_IWBTG,3456,1792,32,32,32,32,0,1,1,4294967295
tile_IWBTG,3488,1792,32,32,32,32,0,1,1,4294967295
tile_IWBTG,3520,1792,32,32,32,32,0,1,1,4294967295
tile_IWBTG,3552,1792,32,32,32,32,0,1,1,4294967295
tile_IWBTG,3584,1792,32,32,32,32,0,1,1,4294967295
tile_IWBTG,3616,1792,32,32,32,32,0,1,1,4294967295
tile_IWBTG,3648,1792,32,32,32,32,0,1,1,4294967295
tile_IWBTG,3680,1792,32,32,32,32,0,1,1,4294967295
tile_IWBTG,3712,1792,32,32,32,32,0,1,1,4294967295
tile_IWBTG,4000,1792,32,32,32,32,0,1,1,4294967295
tile_IWBTG,4064,1792,32,32,32,32,0,1,1,4294967295
tile_IWBTG,4160,1792,32,32,32,32,0,1,1,4294967295
tile_IWBTG,4288,1792,32,32,32,32,0,1,1,4294967295
tile_IWBTG,4320,1792,32,32,32,32,0,1,1,4294967295
tile_IWBTG,4416,1792,32,32,32,32,0,1,1,4294967295
tile_IWBTG,4512,1792,32,32,32,32,0,1,1,4294967295
tile_IWBTG,4672,1792,32,32,32,32,0,1,1,4294967295
tile_IWBTG,4704,1792,32,32,32,32,0,1,1,4294967295
tile_IWBTG,4736,1792,32,32,32,32,0,1,1,4294967295
tile_IWBTG,4224,1792,32,32,32,32,0,1,1,4294967295
tile_IWBTG,3200,1440,32,96,32,32,0,1,1,4294967295
tile_IWBTG,3200,1472,32,64,32,32,0,1,10,4294967295
tile_IWBTG,4768,0,32,96,32,32,0,1,1,4294967295
tile_IWBTG,4768,32,32,64,32,32,0,1,55,4294967295
tile_IWBTG,3200,1792,32,96,32,32,0,1,1,4294967295
tile_IWBTG,4768,1792,32,96,32,32,0,1,1,4294967295
tile_IWBTG,3232,1824,32,32,32,32,0,1,1,4294967295
tile_IWBTG,3232,1856,32,32,32,32,0,1,1,4294967295
tile_IWBTG,3232,1888,32,32,32,32,0,1,1,4294967295
tile_IWBTG,3232,1920,32,32,32,32,0,1,1,4294967295
tile_IWBTG,3232,1952,32,32,32,32,0,1,1,4294967295
tile_IWBTG,3232,1984,32,32,32,32,0,1,1,4294967295
tile_IWBTG,3232,2016,32,32,32,32,0,1,1,4294967295
tile_IWBTG,3232,2048,32,32,32,32,0,1,1,4294967295
tile_IWBTG,3232,2144,32,32,32,32,0,1,1,4294967295
tile_IWBTG,3264,2144,32,32,32,32,0,1,1,4294967295
tile_IWBTG,3296,2144,32,32,32,32,0,1,1,4294967295
tile_IWBTG,3328,2144,32,32,32,32,0,1,1,4294967295
tile_IWBTG,3360,2144,32,32,32,32,0,1,1,4294967295
tile_IWBTG,3392,2144,32,32,32,32,0,1,1,4294967295
tile_IWBTG,3424,2144,32,32,32,32,0,1,1,4294967295
tile_IWBTG,3456,2144,32,32,32,32,0,1,1,4294967295
tile_IWBTG,3488,2144,32,32,32,32,0,1,1,4294967295
tile_IWBTG,3520,2144,32,32,32,32,0,1,1,4294967295
tile_IWBTG,3552,2144,32,32,32,32,0,1,1,4294967295
tile_IWBTG,3584,2144,32,32,32,32,0,1,1,4294967295
tile_IWBTG,3616,2144,32,32,32,32,0,1,1,4294967295
tile_IWBTG,3648,2144,32,32,32,32,0,1,1,4294967295
tile_IWBTG,3840,2144,32,32,32,32,0,1,1,4294967295
tile_IWBTG,3744,2144,32,32,32,32,0,1,1,4294967295
tile_IWBTG,3744,2144,32,32,32,32,0,1,1,4294967295
tile_IWBTG,3776,2144,32,32,32,32,0,1,1,4294967295
tile_IWBTG,3808,2144,32,32,32,32,0,1,1,4294967295
tile_IWBTG,3840,2144,32,32,32,32,0,1,1,4294967295
tile_IWBTG,3872,2144,32,32,32,32,0,1,1,4294967295
tile_IWBTG,3904,2144,32,32,32,32,0,1,1,4294967295
tile_IWBTG,3936,2144,32,32,32,32,0,1,1,4294967295
tile_IWBTG,3968,2144,32,32,32,32,0,1,1,4294967295
tile_IWBTG,4000,2144,32,32,32,32,0,1,1,4294967295
tile_IWBTG,4704,2016,32,32,32,32,0,1,1,4294967295
tile_IWBTG,4704,1984,32,32,32,32,0,1,1,4294967295
tile_IWBTG,4704,1952,32,32,32,32,0,1,1,4294967295
tile_IWBTG,4704,1920,32,32,32,32,0,1,1,4294967295
tile_IWBTG,4704,1888,32,32,32,32,0,1,1,4294967295
tile_IWBTG,4736,1888,32,32,32,32,0,1,1,4294967295
tile_IWBTG,4736,1856,32,32,32,32,0,1,1,4294967295
tile_IWBTG,4736,1824,32,32,32,32,0,1,1,4294967295
tile_IWBTG,4736,1920,32,32,32,32,0,1,1,4294967295
tile_IWBTG,4736,2016,32,32,32,32,0,1,1,4294967295
tile_IWBTG,4736,2048,32,32,32,32,0,1,1,4294967295
tile_IWBTG,4736,1952,32,32,32,32,0,1,1,4294967295
tile_IWBTG,4736,1984,32,32,32,32,0,1,1,4294967295
tile_IWBTG,4704,1824,32,32,32,32,0,1,1,4294967295
tile_IWBTG,4672,1824,32,32,32,32,0,1,1,4294967295
tile_IWBTG,4640,1824,32,32,32,32,0,1,1,4294967295
tile_IWBTG,4608,1824,32,32,32,32,0,1,1,4294967295
tile_IWBTG,4576,1824,32,32,32,32,0,1,1,4294967295
tile_IWBTG,4480,1824,32,32,32,32,0,1,1,4294967295
tile_IWBTG,4448,1824,32,32,32,32,0,1,1,4294967295
tile_IWBTG,4416,1824,32,32,32,32,0,1,1,4294967295
tile_IWBTG,4384,1824,32,32,32,32,0,1,1,4294967295
tile_IWBTG,4352,1824,32,32,32,32,0,1,1,4294967295
tile_IWBTG,4320,1824,32,32,32,32,0,1,1,4294967295
tile_IWBTG,4288,1824,32,32,32,32,0,1,1,4294967295
tile_IWBTG,4256,1824,32,32,32,32,0,1,1,4294967295
tile_IWBTG,4224,1824,32,32,32,32,0,1,1,4294967295
tile_IWBTG,4192,1824,32,32,32,32,0,1,1,4294967295
tile_IWBTG,4128,1824,32,32,32,32,0,1,1,4294967295
tile_IWBTG,4096,1824,32,32,32,32,0,1,1,4294967295
tile_IWBTG,4064,1824,32,32,32,32,0,1,1,4294967295
tile_IWBTG,4032,1824,32,32,32,32,0,1,1,4294967295
tile_IWBTG,4000,1824,32,32,32,32,0,1,1,4294967295
tile_IWBTG,3968,1824,32,32,32,32,0,1,1,4294967295
tile_IWBTG,3936,1824,32,32,32,32,0,1,1,4294967295
tile_IWBTG,3904,1824,32,32,32,32,0,1,1,4294967295
tile_IWBTG,3872,1824,32,32,32,32,0,1,1,4294967295
tile_IWBTG,3840,1824,32,32,32,32,0,1,1,4294967295
tile_IWBTG,3808,1824,32,32,32,32,0,1,1,4294967295
tile_IWBTG,3776,1824,32,32,32,32,0,1,1,4294967295
tile_IWBTG,3744,1824,32,32,32,32,0,1,1,4294967295
tile_IWBTG,3680,1824,32,32,32,32,0,1,1,4294967295
tile_IWBTG,3648,1824,32,32,32,32,0,1,1,4294967295
tile_IWBTG,3616,1824,32,32,32,32,0,1,1,4294967295
tile_IWBTG,3584,1824,32,32,32,32,0,1,1,4294967295
tile_IWBTG,3552,1824,32,32,32,32,0,1,1,4294967295
tile_IWBTG,3520,1824,32,32,32,32,0,1,1,4294967295
tile_IWBTG,3488,1824,32,32,32,32,0,1,1,4294967295
tile_IWBTG,3456,1824,32,32,32,32,0,1,1,4294967295
tile_IWBTG,3424,1824,32,32,32,32,0,1,1,4294967295
tile_IWBTG,3392,1824,32,32,32,32,0,1,1,4294967295
tile_IWBTG,3360,1824,32,32,32,32,0,1,1,4294967295
tile_IWBTG,3328,1824,32,32,32,32,0,1,1,4294967295
tile_IWBTG,3296,1824,32,32,32,32,0,1,1,4294967295
tile_IWBTG,3264,1824,32,32,32,32,0,1,1,4294967295
tile_IWBTG,3264,1856,32,32,32,32,0,1,1,4294967295
tile_IWBTG,3264,1888,32,32,32,32,0,1,1,4294967295
tile_IWBTG,3264,1920,32,32,32,32,0,1,1,4294967295
tile_IWBTG,3264,1952,32,32,32,32,0,1,1,4294967295
tile_IWBTG,3264,1984,32,32,32,32,0,1,1,4294967295
tile_IWBTG,3264,2016,32,32,32,32,0,1,1,4294967295
tile_IWBTG,3264,2112,32,32,32,32,0,1,1,4294967295
tile_IWBTG,3296,2112,32,32,32,32,0,1,1,4294967295
tile_IWBTG,3328,2112,32,32,32,32,0,1,1,4294967295
tile_IWBTG,3360,2112,32,32,32,32,0,1,1,4294967295
tile_IWBTG,3392,2112,32,32,32,32,0,1,1,4294967295
tile_IWBTG,3424,2112,32,32,32,32,0,1,1,4294967295
tile_IWBTG,4704,1856,32,32,32,32,0,1,1,4294967295
tile_IWBTG,4672,1856,32,32,32,32,0,1,1,4294967295
tile_IWBTG,4576,1856,32,32,32,32,0,1,1,4294967295
tile_IWBTG,4544,1856,32,32,32,32,0,1,1,4294967295
tile_IWBTG,4512,1856,32,32,32,32,0,1,1,4294967295
tile_IWBTG,4480,1856,32,32,32,32,0,1,1,4294967295
tile_IWBTG,4448,1856,32,32,32,32,0,1,1,4294967295
tile_IWBTG,4416,1856,32,32,32,32,0,1,1,4294967295
tile_IWBTG,4384,1856,32,32,32,32,0,1,1,4294967295
tile_IWBTG,4352,1856,32,32,32,32,0,1,1,4294967295
tile_IWBTG,4320,1856,32,32,32,32,0,1,1,4294967295
tile_IWBTG,4288,1856,32,32,32,32,0,1,1,4294967295
tile_IWBTG,4256,1856,32,32,32,32,0,1,1,4294967295
tile_IWBTG,4192,1856,32,32,32,32,0,1,1,4294967295
tile_IWBTG,4160,1856,32,32,32,32,0,1,1,4294967295
tile_IWBTG,4128,1856,32,32,32,32,0,1,1,4294967295
tile_IWBTG,4096,1856,32,32,32,32,0,1,1,4294967295
tile_IWBTG,4064,1856,32,32,32,32,0,1,1,4294967295
tile_IWBTG,4000,1856,32,32,32,32,0,1,1,4294967295
tile_IWBTG,3968,1856,32,32,32,32,0,1,1,4294967295
tile_IWBTG,3936,1856,32,32,32,32,0,1,1,4294967295
tile_IWBTG,3904,1856,32,32,32,32,0,1,1,4294967295
tile_IWBTG,3872,1856,32,32,32,32,0,1,1,4294967295
tile_IWBTG,3840,1856,32,32,32,32,0,1,1,4294967295
tile_IWBTG,3808,1856,32,32,32,32,0,1,1,4294967295
tile_IWBTG,3776,1856,32,32,32,32,0,1,1,4294967295
tile_IWBTG,3744,1856,32,32,32,32,0,1,1,4294967295
tile_IWBTG,3648,1856,32,32,32,32,0,1,1,4294967295
tile_IWBTG,3616,1856,32,32,32,32,0,1,1,4294967295
tile_IWBTG,3584,1856,32,32,32,32,0,1,1,4294967295
tile_IWBTG,3552,1856,32,32,32,32,0,1,1,4294967295
tile_IWBTG,3520,1856,32,32,32,32,0,1,1,4294967295
tile_IWBTG,3488,1856,32,32,32,32,0,1,1,4294967295
tile_IWBTG,3456,1856,32,32,32,32,0,1,1,4294967295
tile_IWBTG,3424,1856,32,32,32,32,0,1,1,4294967295
tile_IWBTG,3392,1888,32,32,32,32,0,1,1,4294967295
tile_IWBTG,3360,1888,32,32,32,32,0,1,1,4294967295
tile_IWBTG,3328,1888,32,32,32,32,0,1,1,4294967295
tile_IWBTG,3296,1888,32,32,32,32,0,1,1,4294967295
tile_IWBTG,3296,1856,32,32,32,32,0,1,1,4294967295
tile_IWBTG,3328,1856,32,32,32,32,0,1,1,4294967295
tile_IWBTG,3360,1856,32,32,32,32,0,1,1,4294967295
tile_IWBTG,3392,1856,32,32,32,32,0,1,1,4294967295
tile_IWBTG,3488,1888,32,32,32,32,0,1,1,4294967295
tile_IWBTG,3520,1888,32,32,32,32,0,1,1,4294967295
tile_IWBTG,3552,1888,32,32,32,32,0,1,1,4294967295
tile_IWBTG,3616,1888,32,32,32,32,0,1,1,4294967295
tile_IWBTG,3712,1888,32,32,32,32,0,1,1,4294967295
tile_IWBTG,3744,1888,32,32,32,32,0,1,1,4294967295
tile_IWBTG,3776,1888,32,32,32,32,0,1,1,4294967295
tile_IWBTG,3808,1888,32,32,32,32,0,1,1,4294967295
tile_IWBTG,3872,1888,32,32,32,32,0,1,1,4294967295
tile_IWBTG,3904,1888,32,32,32,32,0,1,1,4294967295
tile_IWBTG,3936,1888,32,32,32,32,0,1,1,4294967295
tile_IWBTG,3968,1888,32,32,32,32,0,1,1,4294967295
tile_IWBTG,4000,1888,32,32,32,32,0,1,1,4294967295
tile_IWBTG,4032,1888,32,32,32,32,0,1,1,4294967295
tile_IWBTG,4064,1888,32,32,32,32,0,1,1,4294967295
tile_IWBTG,4096,1888,32,32,32,32,0,1,1,4294967295
tile_IWBTG,4128,1888,32,32,32,32,0,1,1,4294967295
tile_IWBTG,4160,1888,32,32,32,32,0,1,1,4294967295
tile_IWBTG,4192,1888,32,32,32,32,0,1,1,4294967295
tile_IWBTG,4256,1888,32,32,32,32,0,1,1,4294967295
tile_IWBTG,4288,1888,32,32,32,32,0,1,1,4294967295
tile_IWBTG,4320,1888,32,32,32,32,0,1,1,4294967295
tile_IWBTG,4640,1920,32,32,32,32,0,1,1,4294967295
tile_IWBTG,4640,1888,32,32,32,32,0,1,1,4294967295
tile_IWBTG,4032,1920,32,32,32,32,0,1,1,4294967295
tile_IWBTG,3904,1920,32,32,32,32,0,1,1,4294967295
tile_IWBTG,3840,1920,32,32,32,32,0,1,1,4294967295
tile_IWBTG,3776,1920,32,32,32,32,0,1,1,4294967295
tile_IWBTG,3392,1920,32,32,32,32,0,1,1,4294967295
tile_IWBTG,3360,1920,32,32,32,32,0,1,1,4294967295
tile_IWBTG,3328,1920,32,32,32,32,0,1,1,4294967295
tile_IWBTG,3296,1920,32,32,32,32,0,1,1,4294967295
tile_IWBTG,3296,1952,32,32,32,32,0,1,1,4294967295
tile_IWBTG,3328,1984,32,32,32,32,0,1,1,4294967295
tile_IWBTG,3648,1984,32,32,32,32,0,1,1,4294967295
tile_IWBTG,3680,1984,32,32,32,32,0,1,1,4294967295
tile_IWBTG,3776,1984,32,32,32,32,0,1,1,4294967295
tile_IWBTG,3808,1984,32,32,32,32,0,1,1,4294967295
tile_IWBTG,3936,1984,32,32,32,32,0,1,1,4294967295
tile_IWBTG,4064,1920,32,32,32,32,0,1,1,4294967295
tile_IWBTG,3808,1952,32,32,32,32,0,1,1,4294967295
tile_IWBTG,3776,1952,32,32,32,32,0,1,1,4294967295
tile_IWBTG,3744,1952,32,32,32,32,0,1,1,4294967295
tile_IWBTG,3712,1952,32,32,32,32,0,1,1,4294967295
tile_IWBTG,3680,1952,32,32,32,32,0,1,1,4294967295
tile_IWBTG,3520,1952,32,32,32,32,0,1,1,4294967295
tile_IWBTG,3488,1952,32,32,32,32,0,1,1,4294967295
tile_IWBTG,3392,1952,32,32,32,32,0,1,1,4294967295
tile_IWBTG,3360,1952,32,32,32,32,0,1,1,4294967295
tile_IWBTG,3328,1952,32,32,32,32,0,1,1,4294967295
tile_IWBTG,3296,2016,32,32,32,32,0,1,1,4294967295
tile_IWBTG,3296,1984,32,32,32,32,0,1,1,4294967295
tile_IWBTG,3328,2080,32,32,32,32,0,1,1,4294967295
tile_IWBTG,3360,2080,32,32,32,32,0,1,1,4294967295
tile_IWBTG,3392,2080,32,32,32,32,0,1,1,4294967295
tile_IWBTG,3424,2080,32,32,32,32,0,1,1,4294967295
tile_IWBTG,3456,2080,32,32,32,32,0,1,1,4294967295
tile_IWBTG,3456,2048,32,32,32,32,0,1,1,4294967295
tile_IWBTG,3488,2048,32,32,32,32,0,1,1,4294967295
tile_IWBTG,3360,2016,32,32,32,32,0,1,1,4294967295
tile_IWBTG,3680,2080,32,32,32,32,0,1,1,4294967295
tile_IWBTG,3648,2080,32,32,32,32,0,1,1,4294967295
tile_IWBTG,3616,2080,32,32,32,32,0,1,1,4294967295
tile_IWBTG,3584,2112,32,32,32,32,0,1,1,4294967295
tile_IWBTG,3552,2112,32,32,32,32,0,1,1,4294967295
tile_IWBTG,3520,2112,32,32,32,32,0,1,1,4294967295
tile_IWBTG,3712,2080,32,32,32,32,0,1,1,4294967295
tile_IWBTG,3776,2048,32,32,32,32,0,1,1,4294967295
tile_IWBTG,3936,2048,32,32,32,32,0,1,1,4294967295
tile_IWBTG,3968,2016,32,32,32,32,0,1,1,4294967295
tile_IWBTG,4000,2016,32,32,32,32,0,1,1,4294967295
tile_IWBTG,4032,2016,32,32,32,32,0,1,1,4294967295
tile_IWBTG,4000,2048,32,32,32,32,0,1,1,4294967295
tile_IWBTG,3968,2048,32,32,32,32,0,1,1,4294967295
tile_IWBTG,3840,2048,32,32,32,32,0,1,1,4294967295
tile_IWBTG,3616,2112,32,32,32,32,0,1,1,4294967295
tile_IWBTG,3712,2048,32,32,32,32,0,1,1,4294967295
tile_IWBTG,3744,2016,32,32,32,32,0,1,1,4294967295
tile_IWBTG,3808,2016,32,32,32,32,0,1,1,4294967295
tile_IWBTG,3840,1984,32,32,32,32,0,1,1,4294967295
tile_IWBTG,3520,2048,32,32,32,32,0,1,1,4294967295
tile_IWBTG,3488,2080,32,32,32,32,0,1,1,4294967295
tile_IWBTG,3520,2080,32,32,32,32,0,1,1,4294967295
tile_IWBTG,3648,2048,32,32,32,32,0,1,1,4294967295
tile_IWBTG,3808,2048,32,32,32,32,0,1,1,4294967295
tile_IWBTG,3744,2080,32,32,32,32,0,1,1,4294967295
tile_IWBTG,3680,2112,32,32,32,32,0,1,1,4294967295
tile_IWBTG,3840,2080,32,32,32,32,0,1,1,4294967295
tile_IWBTG,4032,2080,32,32,32,32,0,1,1,4294967295
tile_IWBTG,4000,2080,32,32,32,32,0,1,1,4294967295
tile_IWBTG,3968,2080,32,32,32,32,0,1,1,4294967295
tile_IWBTG,4032,2048,32,32,32,32,0,1,1,4294967295
tile_IWBTG,3360,1984,32,32,32,32,0,1,1,4294967295
tile_IWBTG,3392,1984,32,32,32,32,0,1,1,4294967295
tile_IWBTG,3328,2016,32,32,32,32,0,1,1,4294967295
tile_IWBTG,3296,2048,32,32,32,32,0,1,1,4294967295
tile_IWBTG,3264,2048,32,32,32,32,0,1,1,4294967295
tile_IWBTG,3264,2080,32,32,32,32,0,1,1,4294967295
tile_IWBTG,3232,2112,32,32,32,32,0,1,1,4294967295
tile_IWBTG,3232,2080,32,32,32,32,0,1,1,4294967295
tile_IWBTG,3680,2144,32,32,32,32,0,1,1,4294967295
tile_IWBTG,3712,2144,32,32,32,32,0,1,1,4294967295
tile_IWBTG,3744,2112,32,32,32,32,0,1,1,4294967295
tile_IWBTG,3776,2112,32,32,32,32,0,1,1,4294967295
tile_IWBTG,3840,2112,32,32,32,32,0,1,1,4294967295
tile_IWBTG,3872,2112,32,32,32,32,0,1,1,4294967295
tile_IWBTG,3904,2112,32,32,32,32,0,1,1,4294967295
tile_IWBTG,3968,2112,32,32,32,32,0,1,1,4294967295
tile_IWBTG,3936,2112,32,32,32,32,0,1,1,4294967295
tile_IWBTG,3712,2112,32,32,32,32,0,1,1,4294967295
tile_IWBTG,3648,2112,32,32,32,32,0,1,1,4294967295
tile_IWBTG,3808,2112,32,32,32,32,0,1,1,4294967295
tile_IWBTG,3776,2080,32,32,32,32,0,1,1,4294967295
tile_IWBTG,3872,2080,32,32,32,32,0,1,1,4294967295
tile_IWBTG,3904,2080,32,32,32,32,0,1,1,4294967295
tile_IWBTG,3904,2048,32,32,32,32,0,1,1,4294967295
tile_IWBTG,3488,2112,32,32,32,32,0,1,1,4294967295
tile_IWBTG,3552,2048,32,32,32,32,0,1,1,4294967295
tile_IWBTG,3584,2048,32,32,32,32,0,1,1,4294967295
tile_IWBTG,3616,2048,32,32,32,32,0,1,1,4294967295
tile_IWBTG,4000,2112,32,32,32,32,0,1,1,4294967295
tile_IWBTG,3584,1984,32,0,32,32,0,1,1,4294967295
tile_IWBTG,3552,1984,32,0,32,32,0,1,1,4294967295
tile_IWBTG,3520,1984,32,0,32,32,0,1,1,4294967295
tile_IWBTG,3488,1984,32,0,32,32,0,1,1,4294967295
tile_IWBTG,3456,1984,32,0,32,32,0,1,1,4294967295
tile_IWBTG,3424,2016,32,0,32,32,0,1,1,4294967295
tile_IWBTG,3392,2016,32,0,32,32,0,1,1,4294967295
tile_IWBTG,3360,2048,32,0,32,32,0,1,1,4294967295
tile_IWBTG,3392,2048,32,0,32,32,0,1,1,4294967295
tile_IWBTG,3424,1984,32,0,32,32,0,1,1,4294967295
tile_IWBTG,3456,1952,32,0,32,32,0,1,1,4294967295
tile_IWBTG,3488,1920,32,0,32,32,0,1,1,4294967295
tile_IWBTG,3456,1920,32,0,32,32,0,1,1,4294967295
tile_IWBTG,3424,1952,32,0,32,32,0,1,1,4294967295
tile_IWBTG,3296,2080,32,0,32,32,0,1,1,4294967295
tile_IWBTG,3328,2048,32,0,32,32,0,1,1,4294967295
tile_IWBTG,3424,1920,32,0,32,32,0,1,1,4294967295
tile_IWBTG,3424,1888,32,0,32,32,0,1,1,4294967295
tile_IWBTG,3456,2016,32,0,32,32,0,1,1,4294967295
tile_IWBTG,3424,2048,32,0,32,32,0,1,1,4294967295
tile_IWBTG,3488,2016,32,0,32,32,0,1,1,4294967295
tile_IWBTG,3552,2080,32,0,32,32,0,1,1,4294967295
tile_IWBTG,3456,2112,32,0,32,32,0,1,1,4294967295
tile_IWBTG,3680,2048,32,0,32,32,0,1,1,4294967295
tile_IWBTG,3584,2080,32,0,32,32,0,1,1,4294967295
tile_IWBTG,3712,2016,32,0,32,32,0,1,1,4294967295
tile_IWBTG,3680,2016,32,0,32,32,0,1,1,4294967295
tile_IWBTG,3616,2016,32,0,32,32,0,1,1,4294967295
tile_IWBTG,3616,1984,32,0,32,32,0,1,1,4294967295
tile_IWBTG,3552,2016,32,0,32,32,0,1,1,4294967295
tile_IWBTG,3520,2016,32,0,32,32,0,1,1,4294967295
tile_IWBTG,3648,1952,32,0,32,32,0,1,1,4294967295
tile_IWBTG,3744,1920,32,0,32,32,0,1,1,4294967295
tile_IWBTG,3712,1920,32,0,32,32,0,1,1,4294967295
tile_IWBTG,3680,1920,32,0,32,32,0,1,1,4294967295
tile_IWBTG,3616,1952,32,0,32,32,0,1,1,4294967295
tile_IWBTG,3552,1952,32,0,32,32,0,1,1,4294967295
tile_IWBTG,3584,1920,32,0,32,32,0,1,1,4294967295
tile_IWBTG,3616,1920,32,0,32,32,0,1,1,4294967295
tile_IWBTG,3648,1920,32,0,32,32,0,1,1,4294967295
tile_IWBTG,3680,1888,32,0,32,32,0,1,1,4294967295
tile_IWBTG,3648,1888,32,0,32,32,0,1,1,4294967295
tile_IWBTG,3552,1920,32,0,32,32,0,1,1,4294967295
tile_IWBTG,3520,1920,32,0,32,32,0,1,1,4294967295
tile_IWBTG,3584,1888,32,0,32,32,0,1,1,4294967295
tile_IWBTG,3456,1888,32,0,32,32,0,1,1,4294967295
tile_IWBTG,3584,1952,32,0,32,32,0,1,1,4294967295
tile_IWBTG,3680,1856,32,0,32,32,0,1,1,4294967295
tile_IWBTG,3712,1824,32,0,32,32,0,1,1,4294967295
tile_IWBTG,3712,1856,32,0,32,32,0,1,1,4294967295
tile_IWBTG,3776,2016,32,0,32,32,0,1,1,4294967295
tile_IWBTG,3744,1984,32,0,32,32,0,1,1,4294967295
tile_IWBTG,3840,1952,32,0,32,32,0,1,1,4294967295
tile_IWBTG,3648,2016,32,0,32,32,0,1,1,4294967295
tile_IWBTG,3584,2016,32,0,32,32,0,1,1,4294967295
tile_IWBTG,3872,1984,32,0,32,32,0,1,1,4294967295
tile_IWBTG,3904,1984,32,0,32,32,0,1,1,4294967295
tile_IWBTG,3808,1920,32,0,32,32,0,1,1,4294967295
tile_IWBTG,3712,1984,32,0,32,32,0,1,1,4294967295
tile_IWBTG,3840,1888,32,0,32,32,0,1,1,4294967295
tile_IWBTG,3808,2080,32,0,32,32,0,1,1,4294967295
tile_IWBTG,3840,2016,32,0,32,32,0,1,1,4294967295
tile_IWBTG,3936,1920,32,0,32,32,0,1,1,4294967295
tile_IWBTG,3904,1952,32,0,32,32,0,1,1,4294967295
tile_IWBTG,3744,2048,32,0,32,32,0,1,1,4294967295
tile_IWBTG,3968,1984,32,0,32,32,0,1,1,4294967295
tile_IWBTG,4000,1984,32,0,32,32,0,1,1,4294967295
tile_IWBTG,3872,2048,32,0,32,32,0,1,1,4294967295
tile_IWBTG,3936,2080,32,0,32,32,0,1,1,4294967295
tile_IWBTG,3904,2016,32,0,32,32,0,1,1,4294967295
tile_IWBTG,3936,2016,32,0,32,32,0,1,1,4294967295
tile_IWBTG,3872,2016,32,0,32,32,0,1,1,4294967295
tile_IWBTG,3872,1952,32,0,32,32,0,1,1,4294967295
tile_IWBTG,3936,1952,32,0,32,32,0,1,1,4294967295
tile_IWBTG,4000,1952,32,0,32,32,0,1,1,4294967295
tile_IWBTG,4000,1920,32,0,32,32,0,1,1,4294967295
tile_IWBTG,3968,1952,32,0,32,32,0,1,1,4294967295
tile_IWBTG,3872,1920,32,0,32,32,0,1,1,4294967295
tile_IWBTG,3968,1920,32,0,32,32,0,1,1,4294967295
tile_IWBTG,4256,1792,32,0,32,32,0,1,1,4294967295
tile_IWBTG,4224,1856,32,0,32,32,0,1,1,4294967295
tile_IWBTG,4224,1888,32,0,32,32,0,1,1,4294967295
tile_IWBTG,4512,1888,32,0,32,32,0,1,1,4294967295
tile_IWBTG,4544,1824,32,0,32,32,0,1,1,4294967295
tile_IWBTG,4576,1792,32,0,32,32,0,1,1,4294967295
tile_IWBTG,4032,1856,32,0,32,32,0,1,1,4294967295
tile_IWBTG,4160,1824,32,0,32,32,0,1,1,4294967295
tile_IWBTG,3744,1792,32,0,32,32,0,1,1,4294967295
tile_IWBTG,3776,1792,32,0,32,32,0,1,1,4294967295
tile_IWBTG,3840,1792,32,0,32,32,0,1,1,4294967295
tile_IWBTG,3872,1792,32,0,32,32,0,1,1,4294967295
tile_IWBTG,3968,1792,32,0,32,32,0,1,1,4294967295
tile_IWBTG,4128,1792,32,0,32,32,0,1,1,4294967295
tile_IWBTG,4192,1792,32,0,32,32,0,1,1,4294967295
tile_IWBTG,3936,1792,32,0,32,32,0,1,1,4294967295
tile_IWBTG,3616,1760,32,0,32,32,0,1,1,4294967295
tile_IWBTG,3648,1760,32,0,32,32,0,1,1,4294967295
tile_IWBTG,3680,1760,32,0,32,32,0,1,1,4294967295
tile_IWBTG,3744,1760,32,0,32,32,0,1,1,4294967295
tile_IWBTG,3776,1760,32,0,32,32,0,1,1,4294967295
tile_IWBTG,3872,1760,32,0,32,32,0,1,1,4294967295
tile_IWBTG,3904,1760,32,0,32,32,0,1,1,4294967295
tile_IWBTG,4096,1792,32,0,32,32,0,1,1,4294967295
tile_IWBTG,3808,1792,32,0,32,32,0,1,1,4294967295
tile_IWBTG,3904,1792,32,0,32,32,0,1,1,4294967295
tile_IWBTG,4032,1792,32,0,32,32,0,1,1,4294967295
tile_IWBTG,3936,1760,32,0,32,32,0,1,1,4294967295
tile_IWBTG,3968,1760,32,0,32,32,0,1,1,4294967295
tile_IWBTG,4000,1760,32,0,32,32,0,1,1,4294967295
tile_IWBTG,4032,1760,32,0,32,32,0,1,1,4294967295
tile_IWBTG,4064,1760,32,0,32,32,0,1,1,4294967295
tile_IWBTG,4096,1760,32,0,32,32,0,1,1,4294967295
tile_IWBTG,4128,1760,32,0,32,32,0,1,1,4294967295
tile_IWBTG,4160,1760,32,0,32,32,0,1,1,4294967295
tile_IWBTG,4192,1760,32,0,32,32,0,1,1,4294967295
tile_IWBTG,4224,1760,32,0,32,32,0,1,1,4294967295
tile_IWBTG,4256,1760,32,0,32,32,0,1,1,4294967295
tile_IWBTG,4288,1760,32,0,32,32,0,1,1,4294967295
tile_IWBTG,4320,1760,32,0,32,32,0,1,1,4294967295
tile_IWBTG,4384,1760,32,0,32,32,0,1,1,4294967295
tile_IWBTG,4448,1792,32,0,32,32,0,1,1,4294967295
tile_IWBTG,4480,1792,32,0,32,32,0,1,1,4294967295
tile_IWBTG,4352,1760,32,0,32,32,0,1,1,4294967295
tile_IWBTG,4256,1728,32,0,32,32,0,1,1,4294967295
tile_IWBTG,4224,1728,32,0,32,32,0,1,1,4294967295
tile_IWBTG,4288,1728,32,0,32,32,0,1,1,4294967295
tile_IWBTG,4416,1760,32,0,32,32,0,1,1,4294967295
tile_IWBTG,4448,1760,32,0,32,32,0,1,1,4294967295
tile_IWBTG,4384,1792,32,0,32,32,0,1,1,4294967295
tile_IWBTG,4352,1792,32,0,32,32,0,1,1,4294967295
tile_IWBTG,4544,1792,32,0,32,32,0,1,1,4294967295
tile_IWBTG,4608,1792,32,0,32,32,0,1,1,4294967295
tile_IWBTG,4640,1792,32,0,32,32,0,1,1,4294967295
tile_IWBTG,4576,1760,32,0,32,32,0,1,1,4294967295
tile_IWBTG,4608,1760,32,0,32,32,0,1,1,4294967295
tile_IWBTG,4640,1760,32,0,32,32,0,1,1,4294967295
tile_IWBTG,4672,1760,32,0,32,32,0,1,1,4294967295
tile_IWBTG,4704,1728,32,0,32,32,0,1,1,4294967295
tile_IWBTG,4736,1728,32,0,32,32,0,1,1,4294967295
tile_IWBTG,4704,1760,32,0,32,32,0,1,1,4294967295
tile_IWBTG,4736,1760,32,0,32,32,0,1,1,4294967295
tile_IWBTG,3712,1760,32,0,32,32,0,1,1,4294967295
tile_IWBTG,3584,1760,32,0,32,32,0,1,1,4294967295
tile_IWBTG,3552,1760,32,0,32,32,0,1,1,4294967295
tile_IWBTG,3520,1760,32,0,32,32,0,1,1,4294967295
tile_IWBTG,3488,1760,32,0,32,32,0,1,1,4294967295
tile_IWBTG,3456,1760,32,0,32,32,0,1,1,4294967295
tile_IWBTG,3424,1760,32,0,32,32,0,1,1,4294967295
tile_IWBTG,3392,1760,32,0,32,32,0,1,1,4294967295
tile_IWBTG,3488,1728,32,0,32,32,0,1,1,4294967295
tile_IWBTG,3520,1728,32,0,32,32,0,1,1,4294967295
tile_IWBTG,3552,1728,32,0,32,32,0,1,1,4294967295
tile_IWBTG,3584,1728,32,0,32,32,0,1,1,4294967295
tile_IWBTG,3616,1728,32,0,32,32,0,1,1,4294967295
tile_IWBTG,3648,1728,32,0,32,32,0,1,1,4294967295
tile_IWBTG,3680,1728,32,0,32,32,0,1,1,4294967295
tile_IWBTG,3424,1728,32,0,32,32,0,1,1,4294967295
tile_IWBTG,3392,1728,32,0,32,32,0,1,1,4294967295
tile_IWBTG,3360,1728,32,0,32,32,0,1,1,4294967295
tile_IWBTG,3328,1728,32,0,32,32,0,1,1,4294967295
tile_IWBTG,3328,1760,32,0,32,32,0,1,1,4294967295
tile_IWBTG,3296,1760,32,0,32,32,0,1,1,4294967295
tile_IWBTG,3264,1760,32,0,32,32,0,1,1,4294967295
tile_IWBTG,3360,1760,32,0,32,32,0,1,1,4294967295
tile_IWBTG,3232,1760,32,0,32,32,0,1,1,4294967295
tile_IWBTG,4544,1888,32,0,32,32,0,1,1,4294967295
tile_IWBTG,4576,1888,32,0,32,32,0,1,1,4294967295
tile_IWBTG,4608,1888,32,0,32,32,0,1,1,4294967295
tile_IWBTG,4608,1856,32,0,32,32,0,1,1,4294967295
tile_IWBTG,4512,1824,32,0,32,32,0,1,1,4294967295
tile_IWBTG,4640,1856,32,0,32,32,0,1,1,4294967295
tile_IWBTG,4672,1920,32,0,32,32,0,1,1,4294967295
tile_IWBTG,4672,1888,32,0,32,32,0,1,1,4294967295
tile_IWBTG,4672,1952,32,0,32,32,0,1,1,4294967295
tile_IWBTG,3200,1824,32,64,32,32,0,1,11,4294967295
tile_IWBTG,4768,1824,32,64,32,32,0,1,18,4294967295
tile_IWBTG,3200,2400,32,96,32,32,0,1,1,4294967295
tile_IWBTG,4768,2400,32,96,32,32,0,1,1,4294967295
tile_IWBTG,4000,2400,0,96,32,32,0,24,1,4294967295
tile_IWBTG,3968,2400,32,96,32,32,0,1,1,4294967295
tile_IWBTG,4736,2240,32,0,32,32,0,1,1,4294967295
tile_IWBTG,4736,2272,32,0,32,32,0,1,1,4294967295
tile_IWBTG,4736,2304,32,0,32,32,0,1,1,4294967295
tile_IWBTG,4736,2336,32,0,32,32,0,1,1,4294967295
tile_IWBTG,4640,2368,32,0,32,32,0,1,1,4294967295
tile_IWBTG,4672,2368,32,0,32,32,0,1,1,4294967295
tile_IWBTG,4704,2368,32,0,32,32,0,1,1,4294967295
tile_IWBTG,4736,2368,32,0,32,32,0,1,1,4294967295
tile_IWBTG,4608,2368,32,0,32,32,0,1,1,4294967295
tile_IWBTG,4576,2368,32,0,32,32,0,1,1,4294967295
tile_IWBTG,4544,2368,32,0,32,32,0,1,1,4294967295
tile_IWBTG,4512,2368,32,0,32,32,0,1,1,4294967295
tile_IWBTG,4480,2368,32,0,32,32,0,1,1,4294967295
tile_IWBTG,4448,2368,32,0,32,32,0,1,1,4294967295
tile_IWBTG,4416,2368,32,0,32,32,0,1,1,4294967295
tile_IWBTG,4384,2368,32,0,32,32,0,1,1,4294967295
tile_IWBTG,4288,2368,32,0,32,32,0,1,1,4294967295
tile_IWBTG,4256,2368,32,0,32,32,0,1,1,4294967295
tile_IWBTG,4320,2368,32,0,32,32,0,1,1,4294967295
tile_IWBTG,4352,2368,32,0,32,32,0,1,1,4294967295
tile_IWBTG,4224,2368,32,0,32,32,0,1,1,4294967295
tile_IWBTG,4192,2368,32,0,32,32,0,1,1,4294967295
tile_IWBTG,4096,2368,32,0,32,32,0,1,1,4294967295
tile_IWBTG,4128,2368,32,0,32,32,0,1,1,4294967295
tile_IWBTG,4160,2368,32,0,32,32,0,1,1,4294967295
tile_IWBTG,4032,2368,32,0,32,32,0,1,1,4294967295
tile_IWBTG,4064,2368,32,0,32,32,0,1,1,4294967295
tile_IWBTG,4000,2304,32,0,32,32,0,1,1,4294967295
tile_IWBTG,4000,2272,32,0,32,32,0,1,1,4294967295
tile_IWBTG,4000,2240,32,0,32,32,0,1,1,4294967295
tile_IWBTG,4000,2336,32,0,32,32,0,1,1,4294967295
tile_IWBTG,4000,2368,32,0,32,32,0,1,1,4294967295
tile_IWBTG,3968,2240,32,0,32,32,0,1,1,4294967295
tile_IWBTG,3968,2272,32,0,32,32,0,1,1,4294967295
tile_IWBTG,3968,2304,32,0,32,32,0,1,1,4294967295
tile_IWBTG,3968,2336,32,0,32,32,0,1,1,4294967295
tile_IWBTG,3968,2368,32,0,32,32,0,1,1,4294967295
tile_IWBTG,3936,2368,32,0,32,32,0,1,1,4294967295
tile_IWBTG,3936,2272,32,0,32,32,0,1,1,4294967295
tile_IWBTG,3936,2304,32,0,32,32,0,1,1,4294967295
tile_IWBTG,3936,2336,32,0,32,32,0,1,1,4294967295
tile_IWBTG,3904,2336,32,0,32,32,0,1,1,4294967295
tile_IWBTG,3904,2368,32,0,32,32,0,1,1,4294967295
tile_IWBTG,3872,2368,32,0,32,32,0,1,1,4294967295
tile_IWBTG,3904,2400,32,0,32,32,0,1,1,4294967295
tile_IWBTG,3872,2400,32,0,32,32,0,1,1,4294967295
tile_IWBTG,3936,2400,32,0,32,32,0,1,1,4294967295
tile_IWBTG,3232,2272,32,0,32,32,0,1,1,4294967295
tile_IWBTG,3232,2304,32,0,32,32,0,1,1,4294967295
tile_IWBTG,3232,2336,32,0,32,32,0,1,1,4294967295
tile_IWBTG,3232,2368,32,0,32,32,0,1,1,4294967295
tile_IWBTG,3264,2368,32,0,32,32,0,1,1,4294967295
tile_IWBTG,3296,2368,32,0,32,32,0,1,1,4294967295
tile_IWBTG,3296,2400,32,0,32,32,0,1,1,4294967295
tile_IWBTG,3328,2400,32,0,32,32,0,1,1,4294967295
tile_IWBTG,3264,2400,32,0,32,32,0,1,1,4294967295
tile_IWBTG,3232,2400,32,0,32,32,0,1,1,4294967295
tile_IWBTG,3264,2304,32,0,32,32,0,1,1,4294967295
tile_IWBTG,3296,2336,32,0,32,32,0,1,1,4294967295
tile_IWBTG,3328,2368,32,0,32,32,0,1,1,4294967295
tile_IWBTG,3360,2368,32,0,32,32,0,1,1,4294967295
tile_IWBTG,3360,2400,32,0,32,32,0,1,1,4294967295
tile_IWBTG,3264,2336,32,0,32,32,0,1,1,4294967295
tile_IWBTG,3200,2176,32,96,32,32,0,1,1,4294967295
tile_IWBTG,3200,2208,32,64,32,32,0,1,6,4294967295
tile_IWBTG,3232,2176,0,96,32,32,0,25,1,4294967295
tile_IWBTG,4000,2176,32,96,32,32,0,1,1,4294967295
