Autotiler,2400,608,FCEB6947,0,1,1,4294967295,0,1
Moon,4592,192,4D118C77,0,3,3,4294901963,0,0
SpikeD,3136,1024,BFEBCB89,0,1,1,4294967295,0,0
SpikeD,3072,992,5E8E3BB4,0,1,1,4294967295,0,0
SpikeU,3136,960,250999B4,0,1,1,4294967295,0,0
SpikeU,3072,928,811D0D25,0,1,1,4294967295,0,0
SpikeU,3040,928,7C267AA6,0,1,1,4294967295,0,0
SpikeD,3040,992,23B37759,0,1,1,4294967295,0,0
SpikeU,2976,896,08AA0C13,0,1,1,4294967295,0,0
SpikeU,2944,896,06A51628,0,1,1,4294967295,0,0
SpikeD,2944,960,34ED4C31,0,2,2,4294967295,0,0
SpikeD,2784,960,C8035D8F,0,1,1,4294967295,0,0
SpikeU,2784,896,F67BF52A,0,1,1,4294967295,0,0
SpikeU,2688,864,4FFB297D,0,2,2,4294967295,0,0
MiniSpikeDown,2688,960,C13B71F2,0,1,1,4294967295,0,0
MiniSpikeDown,2704,960,D02A2E8C,0,1,1,4294967295,0,0
MiniSpikeDown,2720,960,3E7AA49F,0,1,1,4294967295,0,0
MiniSpikeDown,2736,960,5F00447E,0,1,1,4294967295,0,0
SpikeR,2528,992,4CA8659D,0,1,1,4294967295,0,0
SpikeD,1760,864,7E6C6C65,0,1,1,4294967295,0,0
SpikeD,1792,832,06830FE9,0,1,1,4294967295,0,0
SpikeD,1824,832,F45C1006,0,1,1,4294967295,0,0
SpikeD,1696,960,2ED18C2A,0,1,1,4294967295,0,0
SpikeD,1728,960,1431FAFE,0,1,1,4294967295,0,0
SpikeD,1680,896,A5597E51,0,1,1,4294967295,0,0
SpikeU,2592,1159,E2BA3F8B,0,1,1,4294967295,0,0
MiniSpikeLeft,3056,1168,67DBEE3A,0,1,1,4294967295,0,0
MiniSpikeLeft,3056,1152,5A2CF130,0,1,1,4294967295,0,0
SpikeR,1856,768,42C4E65F,0,1,1,4294967295,0,0
SpikeR,1856,800,0FCF0521,0,1,1,4294967295,0,0
SpikeBR,2336,929,744EE4A4,0,1,1,4292359546,0,0
MoveBlock,2656,1120,207CBCB6,0,1,1,4292359546,0,1
MoveBlock,2816,1072,7E93C1C5,0,1,1,4292359546,0,1
MoveBlock,2992,1104,D4AD7C3E,0,1,1,4292359546,0,1
MiniSpikeUp,2192,832,D81BB0E9,0,1,1,4294967295,0,0
MiniSpikeUp,2144,832,CB448614,0,1,1,4294967295,0,0
MiniSpikeHardL,3024,976,8624694A,0,1,1,4294967295,0,0
MiniSpikeHardL,2928,944,F0295A21,0,1,1,4294967295,0,0
SpikeR,2288,736,EC6F02DD,0,1,1,4294967295,0,0
MiniSpikeUp,2272,720,5A59CD9C,0,1,1,4294967295,0,0
SpikeU,1616,976,5795C6D9,0,1,1,4294967295,0,0
SpikeU,1664,816,FF84693E,0,1,1,4294967295,0,0
SpikeU,1696,816,44639631,0,1,1,4294967295,0,0
MiniSpikeDown,1616,896,95FF1F49,0,1,1,4294967295,0,0
MiniSpikeUp,1632,896,6E1B7F1B,0,1,1,4294967295,0,0
MiniSpikeUp,1616,816,3C5C27F7,0,1,1,4294967295,0,0
SpikeD,1632,464,93F6FFA1,0,1,1,4294967295,0,1
SpikeD,1568,480,D0FBC068,0,1,1,4294967295,0,1
SpikeD,1728,528,3769D742,0,1,1,4294967295,0,1
SpikeU,2752,224,94C3BB64,0,1,1,4294967295,0,0
SpikeU,2592,160,C0B464E2,0,1,1,4294967295,0,0
SpikeD,2592,224,162D4048,0,1,1,4294967295,0,0
SpikeD,2752,352,E8CBEAE6,0,1,1,4294967295,0,0
SpikeU,1824,256,C9F28F74,0,1,1,4294967295,0,0
SpikeU,2016,256,819BC4EF,0,1,1,4294967295,0,0
SpikeU,2176,320,07D579B3,0,1,1,4294967295,0,0
SpikeD,2128,224,15204994,0,1,1,4294967295,0,0
SpikeD,1696,352,6A161043,0,1,1,4294967295,0,0
SpikeU,2816,352,3F214945,0,1,1,4294967295,0,0
SpikeU,2880,256,EB03AE47,0,1,1,4294967295,0,0
SpikeU,2944,256,84868E6E,0,1,1,4294967295,0,0
SpikeU,2912,96,86521CF5,0,1,1,4294967295,0,0
SpikeU,2816,64,48B43516,0,1,1,4294967295,0,0
SpikeD,2880,320,550BAEA1,0,1,1,4294967295,0,0
SpikeD,2944,320,13376E1F,0,1,1,4294967295,0,0
SpikeD,2912,160,FA58A82A,0,1,1,4294967295,0,0
SpikeD,2816,160,5540EDD4,0,1,1,4294967295,0,0
SpikeU,1920,1072,7E4D2D6A,0,1,1,4294967295,0,0
SpikeU,2128,1120,83CFE726,0,1,1,4294967295,0,0
SpikeU,2192,1120,39475628,0,1,1,4294967295,0,0
SpikeD,1664,848,2ACE47A4,0,1,1,4294967295,0,0
SpikeD,1696,848,8712547B,0,1,1,4294967295,0,0
SpikeU,1728,464,4A315275,0,1,1,4294967295,0,1
SpikeR,1664,448,E6D08734,0,1,1,4294967295,0,1
SpikeR,1632,512,650BBB86,0,1,1,4294967295,0,1
SpikeR,1664,544,B0A6394E,0,1,1,4294967295,0,1
SpikeL,1696,496,23ABCAB7,0,1,1,4294967295,0,1
SpikeU,1632,416,3BF08E26,0,1,1,4294967295,0,1
SpikeR,1648,384,E43EA83F,0,1,1,4294967295,0,0
SpikeD,1824,320,C6143F99,0,1,1,4294967295,0,0
SpikeD,2016,320,2C5001F2,0,1,1,4294967295,0,0
SpikeD,2176,384,002A7C2E,0,1,1,4294967295,0,0
SpikeU,1248,1024,8743590A,0,1,1,4294967295,0,0
SpikeU,1216,1088,8885EBF4,0,1,1,4294967295,0,0
SpikeU,1024,1056,5D847CA4,0,1,1,4294967295,0,0
SpikeU,864,1056,4C2ECB42,0,1,1,4294967295,0,0
SpikeU,1376,1088,2D5F8A1F,0,1,1,4294967295,0,0
SpikeU,1536,1056,9B95C2FD,0,1,1,4294967295,0,0
SpikeU,1568,1056,9DE13188,0,1,1,4294967295,0,0
SpikeL,2736,288,F22EB7FF,0,1,1,4294967295,0,0
SpikeL,2720,320,58EA17AD,0,1,1,4294967295,0,0
sprKiller,1696,896,E1BF90D1,0,1,1,4294967295,0,0
sprKiller,1728,896,FBE896D8,0,1,1,4294967295,0,0
SpikeU,1744,896,20875802,0,1,1,4294967295,0,0
SpikeD,1744,928,E630057F,0,1,1,4294967295,0,0
SpikeU,3200,80,F1752FB4,0,1,1,4294967295,0,0
SpikeU,3968,80,547106CA,0,1,1,4294967295,0,0
SpikeU,3424,96,301612F1,0,1,1,4294967295,0,0
SpikeU,3616,64,3E3FAA86,0,1,1,4294967295,0,0
SpikeD,3424,480,7F8A3B7A,0,1,1,4294967295,0,0
SpikeD,3616,512,B940CC02,0,1,1,4294967295,0,0
SpikeU,3264,1728,D2E876D9,0,1,1,4294967295,0,0
SpikeU,3296,1728,CCB6777B,0,1,1,4294967295,0,0
SpikeU,3232,1728,3260C801,0,1,1,4294967295,0,0
SpikeU,3328,1696,F6EDB755,0,1,1,4294967295,0,0
SpikeU,3360,1696,87A62E82,0,1,1,4294967295,0,0
SpikeU,3392,1696,27268950,0,1,1,4294967295,0,0
SpikeU,3456,1728,6E0930D4,0,1,1,4294967295,0,0
SpikeU,3488,1696,7124C6A7,0,1,1,4294967295,0,0
SpikeU,3520,1696,53B3CD9C,0,1,1,4294967295,0,0
SpikeU,3552,1696,9D16FD25,0,1,1,4294967295,0,0
SpikeU,3584,1696,CC5BE933,0,1,1,4294967295,0,0
SpikeU,3616,1696,1CB3B9D2,0,1,1,4294967295,0,0
SpikeU,3712,1728,040AC9F5,0,1,1,4294967295,0,0
SpikeU,3776,1728,FA34522C,0,1,1,4294967295,0,0
SpikeU,3840,1760,492A80C9,0,1,1,4294967295,0,0
SpikeTall,2160,800,B3950761,0,1,3.5,4294967295,0,0
SavePointHard,2496,928,8AC4F5AE,0,1,1,4294967295,0,1
Piston,2608,1168,13BBCDD7,0,1,1,4280025189,0,1
OceanWaters,800,1216,C34457C2,0,4.1666666666667,1.2549019607843,4292359546,0,1
OceanWaters,800,1280,79FDE2E6,0,0.1666666666667,1.2549019607843,4292359546,0,1
OceanWaters,1568,1280,CD434311,0,0.1666666716337,1.2549020051956,4292359546,0,1
Block,2592,1184,00403A57,0,16,1,4294967295,0,0
Block,2688,928,0020C1A0,0,2,1,4294967295,0,0
Block,2784,928,001C3F9D,0,1,1,4294967295,0,0
Block,2944,928,00358397,0,2,1,4294967295,0,0
Block,3040,960,0017BF79,0,2,1,4294967295,0,0
Block,3136,992,000CC374,0,3,1,4294967295,0,0
Block,3168,608,0000F7B5,0,2,1,4294967295,0,0
Block,3168,640,002227F1,0,2,11,4294967295,0,0
Block,3168,1024,00022129,0,2,1,4294967295,0,0
Block,3168,1056,002B4A91,0,6,1,4294967295,0,0
Block,3072,1152,001551F5,0,2,1,4294967295,0,0
Block,3104,1120,0022B13B,0,3,1,4294967295,0,0
Block,3104,1312,003F69D6,0,3,1,4294967295,0,0
Block,3168,1248,0007F8B0,0,1,2,4294967295,0,0
Block,3168,1344,001E9654,0,1,2,4294967295,0,0
Block,3168,1408,001315E8,0,3,1,4294967295,0,0
Block,2592,1216,003A9938,0,19,1,4294967295,0,0
Block,2368,1312,0034F378,0,23,1,4294967295,0,0
Block,2368,1280,00135C7D,0,2,1,4294967295,0,0
Block,2336,1248,001E9ABE,0,3,1,4294967295,0,0
Block,1600,1248,00103F8B,0,1,3,4294967295,0,0
Block,1536,1344,0015C978,0,3,1,4294967295,0,0
Block,1536,1312,0021E607,0,1,1,4294967295,0,0
Block,832,1312,00200BB0,0,1,1,4294967295,0,0
Block,768,1344,000B490E,0,3,1,4294967295,0,0
Block,768,1248,00212FE8,0,1,3,4294967295,0,0
Block,1120,1216,002E5D0A,0,6,1,4294967295,0,0
Block,1440,1216,0002816C,0,4,1,4294967295,0,0
Block,1440,1248,00044F66,0,1,1,4294967295,0,0
Block,800,608,002447F3,0,1,4,4294967295,0,0
Block,640,864,0000CE31,0,8,1,4294967295,0,0
Block,704,896,003E7A02,0,2,1,4294967295,0,0
Block,736,928,0005F847,0,1,1,4294967295,0,0
Block,736,960,00346068,0,3,1,4294967295,0,0
Block,768,992,000903A3,0,2,2,4294967295,0,0
Block,800,928,001126C4,0,1,1,4294967295,0,0
Block,800,1056,001A6F21,0,1,2,4294967295,0,0
Block,800,1120,000EFC51,0,1,1,4294967295,0,0
Block,800,1152,002F5417,0,1,2,4294967295,0,0
Block,864,1088,00074569,0,1,1,4294967295,0,0
Block,928,1184,001777CC,0,1,3,4294967295,0,0
Block,992,1152,001E4002,0,2,3,4294967295,0,0
Block,1024,1088,002C4440,0,1,2,4294967295,0,0
Block,1120,1184,000D19A4,0,2,1,4294967295,0,0
Block,1152,1152,000BBDAD,0,1,1,4294967295,0,0
Block,1216,1120,0016BE49,0,2,2,4294967295,0,0
Block,1216,1184,00224BD5,0,3,1,4294967295,0,0
Block,1248,1056,0022CC90,0,1,2,4294967295,0,0
Block,1344,1184,002BF8CA,0,2,2,4294967295,0,0
Block,1376,1120,00088436,0,1,2,4294967295,0,0
Block,1440,1184,002F64E6,0,2,1,4294967295,0,0
Block,1472,1152,0030E673,0,1,1,4294967295,0,0
Block,1600,1120,002A86A4,0,1,1,4294967295,0,0
Block,1536,1088,0013AE0B,0,3,1,4294967295,0,0
Block,1536,1120,0031BE43,0,1,3,4294967295,0,0
Block,1536,832,00036944,0,3,2,4294967295,0,0
Block,1568,912,003F3B03,0,2,2.5,4294967295,0,0
Block,1664,864,000CAE5A,0,3,1,4294967295,0,0
Block,1696,912,003C68E4,0,2,1.5,4294967295,0,0
Block,1840,768,002F50C6,0,0.5,1,4294967295,0,0
Block,1728,768,001FE20F,0,1,2,4294967295,0,0
Block,1728,832,001A4EB4,0,2,1,4294967295,0,0
Block,1920,1104,0014DEB4,0,1,1,4294967295,0,0
Block,2160,1152,0038B8A6,0,2,1,4294967295,0,0
Block,2368,928,0001522A,0,2,2,4294967295,0,0
Block,2368,992,0018250D,0,5,1,4294967295,0,0
Block,2368,1024,003C999B,0,3,1,4294967295,0,0
Block,2368,1056,002CA704,0,2,4,4294967295,0,0
Block,2304,320,001CB027,0,6,1,4294967295,0,0
Block,2368,352,000120FE,0,3,1,4294967295,0,0
Block,2368,384,003BF86A,0,2,7,4294967295,0,0
Block,2368,128,003BDEEF,0,2,5,4294967295,0,0
Block,3072,192,003F0030,0,3,1,4294967295,0,0
Block,3136,224,003BBAC4,0,3,1,4294967295,0,0
Block,3104,320,0034B593,0,4,1,4294967295,0,0
Block,3168,352,00193AC6,0,2,8,4294967295,0,0
Block,4096,192,0015DCF0,0,1,4,4294967295,0,0
Block,4064,160,001A2D87,0,2,1,4294967295,0,0
Block,4096,128,0027F5A2,0,2,1,4294967295,0,0
Block,3968,224,003BD00B,0,3,1,4294967295,0,0
Block,3968,320,00287571,0,5,1,4294967295,0,0
Block,3968,352,0012159C,0,3,1,4294967295,0,0
Block,3968,384,00015A07,0,2,1,4294967295,0,0
Block,3968,416,0032475B,0,1,6,4294967295,0,0
Block,3232,1280,0001F295,0,1,4,4294967295,0,0
Block,800,0,002530BF,0,1,18,4294967295,0,0
Block,2368,0,00005509,0,1,1,4294967295,0,0
Block,2368,32,001C7824,0,2,2,4294967295,0,0
Block,2368,96,000AA5CE,0,3,1,4294967295,0,0
Block,3200,112,003428C4,0,1,3.5,4294967295,0,0
Block,3072,0,0037B3F0,0,1,6,4294967295,0,0
Block,4800,0,003DE288,0,1,38,4294967295,0,0
Block,-32,0,0018831B,0,1,38,4294967295,0,0
Block,2400,1216,0021DFA7,0,3,1,4294967295,0,0
Block,3328,1088,00209956,0,5,1,4294967295,0,0
Block,3360,1120,00302FD6,0,3,1,4294967295,0,0
Block,3328,1152,001BBD84,0,2,1,4294967295,0,0
Block,3296,1184,001233C3,0,2,1,4294967295,0,0
Block,3264,1216,001E9E61,0,2,1,4294967295,0,0
Block,3232,1248,003FC101,0,2,1,4294967295,0,0
Block,832,1280,003E4C5B,0,23,1,4294967295,0,0
Block,800,896,0021AD3D,0,2,1,4294967295,0,0
Block,-32,1216,003E1271,0,27,1,4294967295,0,0
Block,-32,-32,000C1CA5,0,27,1,4294967295,0,0
Block,864,1152,00394BBC,0,3,1,4294967295,0,0
Block,1632,1184,00115C1B,0,9,1,4294967295,0,0
Block,1600,1152,00217ABA,0,2,1,4294967295,0,0
Block,1600,1216,0031D918,0,24,1,4294967295,0,0
Block,1952,1184,0020732D,0,17,1,4294967295,0,0
Block,3200,-32,00233CC8,0,51,1,4294967295,0,0
Block,832,-32,00034375,0,74,1,4294967295,0,0
Block,3168,1088,70B11870,0,1,1,4294967295,0,0
Block,864,1120,3B4B99A6,0,1,1,4294967295,0,0
Block,2160,912,4AF3926D,0,1,9.5,4294967295,0,0
Block,2192,848,F7FA31B0,0,0.5,1,4294967295,0,0
Block,2144,848,D5E8B694,0,0.5,1,4294967295,0,0
Block,2272,736,EBDC55C1,0,0.5,1,4294967295,0,0
Block,1632,1120,A98DFAEC,0,1,1,4294967295,0,0
Block,1584,1008,8875D28D,0,2,2,4294967295,0,0
Block,1760,800,9104359D,0,3,1,4294967295,0,0
Block,1632,912,3755DE66,0,0.5,0.5,4294967295,0,0
Block,3968,112,95D9A062,0,1,3.5,4294967295,0,0
Block,4000,0,DF094357,0,1,7,4294967295,0,0
Block,3232,608,4BF446CA,0,24,1,4294967295,0,0
KillBlock,2320,256,287847A1,0,0.28125,0.28125,16777215,0,0
KillBlock,2432,576,52CA4597,0,23,1,4294967295,0,1
Block,4032,2272,9CD6ABFD,0,1,4,4294967295,0,0
Block,4064,2304,B362A9C9,0,1,3,4294967295,0,0
Block,4096,2336,CC401AF2,0,10,1,4294967295,0,0
Block,4160,2304,30BFDC30,0,2,1,4294967295,0,0
Block,4096,2368,2CD39D88,0,21,1,4294967295,0,0
Block,4736,2240,5E64069B,0,1,4,4294967295,0,0
Block,4704,2304,73211145,0,1,1,4294967295,0,0
Block,4576,2336,F34B66D6,0,5,1,4294967295,0,0
Block,3968,2240,C23758C8,0,2,1,4294967295,0,0
Block,3936,2272,91D792C8,0,3,4,4294967295,0,0
Block,3904,2336,90F4C02D,0,1,3,4294967295,0,0
Block,3872,2368,1B179799,0,1,2,4294967295,0,0
Block,3968,1760,07431DD9,0,1,13,4294967295,0,0
Block,3424,1728,3EE04C8D,0,1,1,4294967295,0,0
Block,3648,1728,492C383A,0,2,1,4294967295,0,0
Block,3744,1760,A5243BB4,0,2,1,4294967295,0,0
Block,3808,1792,4AF47022,0,1,1,4294967295,0,0
Block,3872,1760,35D804B9,0,3,1,4294967295,0,0
Block,3488,1728,71ACFA21,0,1,1,4294967295,0,0
Block,3328,1728,FE6CB843,0,1,1,4294967295,0,0
Block,4768,0,961344D5,0,1,75,4294967295,0,0
Block,4000,2176,B7C31416,0,1,1,4294967295,0,0
Block,3232,2176,34EB8C14,0,24,1,4294967295,0,0
Block,3744,2336,296183C5,0,3,1,4294967295,0,0
DecoStar,2832,112,798B2CC3,0,1,1,4294967295,0,1
DecoStar,2768,288,79FFA631,0,1,1,4294967295,0,1
DecoStar,2144,208,385B1C75,0,1,1,4294967295,0,1
DecoStar,1840,288,CD36B748,0,1,1,4294967295,0,1
AshTake,3976,2192,1023B54F,0,1.5,1.5,4294967295,0,1
RiskOfOcean,896,832,268C9E2B,0,2,2,4292359546,270,1
RiskOfOcean,896,-320,BF512098,0,2,2,4292359546,270,1
Signpost,864,832,DE0C9E12,0,1,1,4294967295,0,1
WarpToHub,3776,2304,366C45BC,0,1,1,4294967295,0,1
Signpost,3664,1696,03CF9DA8,0,1,1,4294967295,0,1
AshGive,2560,1280,08863A2E,0,1,1,1694498815,0,1
SavePointHard,2624,1280,A52EB87D,0,1,1,4294967295,0,0
SavePointHard,1792,768,8A8DD4CE,0,1,1,4294967295,0,0
MusicPlayer,2480,704,E3701FBE,0,1,1,4294967295,0,1
Item6,4040,280,FFEC30E3,0,1,1,4294967295,0,0
CameraOverride,2528,704,C9931418,0,1,1,4294967295,0,1
Marker,3072,1168,F8CFC023,0,1,1,4294967295,0,0
CherryFuture,2032,656,741E0D49,0,1,1,4294967295,0,1
Piston,2176,784,339B93F3,0,1,1,4294967295,0,1
AshGrowth,2176,784,D8A31441,0,3,3,4294967295,0,1
SavePointStandMedium,3136,1088,53AD89B9,0,1,1,4294967295,0,0
SavePointStandHard,2464,1152,1C807CEF,0,1,1,4294967295,0,0
Piston,2560,1008,C0593B50,0,1,1,4280025189,0,1
Marker,2976,1024,32C895B8,0,1,1,4294967295,0,0
TimedBreakable,1424,832,E6B3E245,0,1,1,4294967295,0,1
TimedBreakable,1248,896,F986EBC1,0,1,1,4294967295,0,1
TimedBreakable,1120,784,0E0DCEC6,0,1,1,4294967295,0,1
AshGrowth,1744,976,A862D34A,0,4,4,4294967295,0,1
TimedBreakable,1184,640,74E6A76B,0,1,1,4294967295,0,0
TimedBreakable,1056,528,D8822D39,0,1,1,4294967295,0,0
TimedBreakable,1184,448,82A89FC6,0,1,1,4294967295,0,0
TimedBreakable,1280,352,05B175F9,0,1,1,4294967295,0,0
TimedBreakable,1440,320,6337C5AD,0,1,1,4294967295,0,0
TimedBreakable,1120,592,24CC0F6B,0,1,1,4294967295,0,0
TimedBreakable,1536,96,3CDD2BED,0,1,1,4294967295,0,1
TimedBreakable,1536,128,BCBDF938,0,1,1,4294967295,0,1
TimedBreakable,1536,160,C9FA1E33,0,1,1,4294967295,0,1
TimedBreakable,1536,224,35F654BA,0,1,1,4294967295,0,1
TimedBreakable,1536,192,E0F02AB3,0,1,1,4294967295,0,1
TimedBreakable,1536,256,E3D0E11E,0,1,1,4294967295,0,1
TimedBreakable,1536,288,8685CD6A,0,1,1,4294967295,0,1
TimedBreakable,1536,320,0F99D110,0,1,1,4294967295,0,1
TimedBreakable,1536,352,541F6C22,0,1,1,4294967295,0,1
TimedBreakable,1536,416,967B1872,0,1,1,4294967295,0,1
TimedBreakable,1536,384,F90838BA,0,1,1,4294967295,0,1
TimedBreakable,1536,480,CB3110BC,0,1,1,4294967295,0,1
TimedBreakable,1536,448,CA5E55A6,0,1,1,4294967295,0,1
TimedBreakable,1536,512,AFB7AB48,0,1,1,4294967295,0,1
TimedBreakable,1536,544,CCA83655,0,1,1,4294967295,0,1
TimedBreakable,1376,224,6BD22716,0,1,1,4294967295,0,0
TimedBreakable,1184,208,9F3955C0,0,1,1,4294967295,0,0
TimedBreakable,1024,416,BDAD2210,0,1,1,4294967295,0,0
TimedBreakable,1408,480,88E253C2,0,1,1,4294967295,0,0
DecoStar,1072,432,5DE7AF85,0,1,1,4294967295,0,0
DecoStar,1280,480,239A885A,0,1,1,4294967295,0,0
DecoStar,1280,256,3EEE05DD,0,1,1,4294967295,0,0
DecoStar,1040,176,AC7D34FB,0,1,1,4294967295,0,0
DecoStar,976,368,A6F791F1,0,1,1,4294967295,0,0
DecoStar,1424,128,B89A1631,0,1,1,4294967295,0,0
DecoStar,1456,448,CD5AA589,0,1,1,4294967295,0,0
DecoStar,896,496,91597446,0,1,1,4294967295,0,0
DecoStar,1344,560,7A811C86,0,1,1,4294967295,0,0
DecoStar,1184,368,F4DAA49E,0,1,1,4294967295,0,0
DecoStar,1072,272,4C41993D,0,1,1,4294967295,0,0
DecoStar,1280,128,11E1D1FD,0,1,1,4294967295,0,0
DecoStar,912,80,95473DF7,0,1,1,4294967295,0,0
DecoStar,912,240,33BB3A46,0,1,1,4294967295,0,0
DecoStar,1504,208,1165DA75,0,1,1,4294967295,0,0
BuildingBlock,1568,448,3A56B441,0,3,1,4294967295,0,1
BuildingBlock,1600,480,144C5EAE,0,1,2,4294967295,0,1
BuildingBlock,1568,544,AAD18913,0,3,1,4294967295,0,1
BuildingBlock,1728,496,0CE6E8CA,0,1,1,4294967295,0,1
TrapStop,1488,784,88CCF92D,0,1.5,1,4294967295,0,1
TrapStop,1728,768,689C081A,0,1,1,4294967295,0,1
SavePointStandHard,1552,800,EBBFDD0E,0,1,1,2533359615,0,0
TrapDestroy,1568,832,803C7C28,0,2,1,4294967295,0,0
TimedBreakable,1296,528,309890DB,0,1,1,4294967295,0,0
TimedBreakable,960,512,EA597CC1,0,1,1,4294967295,0,0
TimedBreakable,880,352,EC9E9E3C,0,1,1,4294967295,0,0
TimedBreakable,976,176,E33B4F10,0,1,1,4294967295,0,0
TimedBreakable,1088,272,B9835A58,0,1,1,4294967295,0,0
TimedBreakable,1280,144,490F09EB,0,1,1,4294967295,0,0
TimedBreakable,1408,592,78ECBFB1,0,1,1,4294967295,0,0
TimedBreakable,1328,416,B17036AB,0,1,1,4294967295,0,0
TimedBreakable,1472,528,1FA2706F,0,1,1,4294967295,0,0
TimedBreakable,1216,512,7CEED424,0,1,1,4294967295,0,0
TimedBreakable,1120,352,18B2E623,0,1,1,4294967295,0,0
TimedBreakable,1616,384,F4C6D62B,0,1,1,4294967295,0,0
TimedBreakable,1728,416,FC5F2C74,0,1,1,4294967295,0,0
TimedBreakable,1696,320,F047FC78,0,1,1,4294967295,0,0
TimedBreakable,1824,288,F9CA3876,0,1,1,4294967295,0,0
TimedBreakable,2016,288,E2211FC7,0,1,1,4294967295,0,0
TimedBreakable,2176,352,00EB9310,0,1,1,4294967295,0,0
TimedBreakable,2128,192,B69E20AD,0,1,1,4294967295,0,0
TimedBreakable,2592,192,984E26C1,0,1,1,4294967295,0,0
TimedBreakable,2752,256,7CB0A892,0,1,1,4294967295,0,0
TimedBreakable,2752,288,F240F824,0,1,1,4294967295,0,0
TimedBreakable,2752,320,5FCCC469,0,1,1,4294967295,0,0
TimedBreakable,2816,384,389493DD,0,1,1,4294967295,0,0
TimedBreakable,2816,128,7912F40B,0,1,1,4294967295,0,0
TimedBreakable,2816,96,235174A4,0,1,1,4294967295,0,0
TimedBreakable,2912,128,EFBE7D42,0,1,1,4294967295,0,0
TimedBreakable,2880,288,4F3C8341,0,1,1,4294967295,0,0
TimedBreakable,2944,288,AC9D6EF4,0,1,1,4294967295,0,0
GuySpikeWall,1664,352,B97FB0AC,0,1,1,4280953386,0,0
DecoStar,1648,208,92C1870D,0,1,1,4294967295,0,0
DecoStar,1824,112,5EB3DABC,0,1,1,4294967295,0,0
DecoStar,1776,192,F893B0CA,0,1,1,4294967295,0,0
DecoStar,1920,192,071B23D2,0,1,1,4294967295,0,0
DecoStar,1856,208,CF5DE4A1,0,1,1,4294967295,0,0
DecoStar,2000,192,6FF001EF,0,1,1,4294967295,0,0
DecoStar,2288,192,2E23EAD2,0,1,1,4294967295,0,0
DecoStar,2048,160,B92F5222,0,1,1,4294967295,0,0
DecoStar,2176,80,A75EDCA1,0,1,1,4294967295,0,0
DecoStar,2320,256,7DB8854F,0,1,1,4278190335,0,0
DecoStar,2336,208,6125A2D8,0,1,1,4294967295,0,0
DecoStar,2288,240,D8009871,0,1,1,4294967295,0,0
DecoStar,2256,208,D3DBBD18,0,1,1,4294967295,0,0
DecoStar,2176,160,03741B20,0,1,1,4294967295,0,0
Platform,1600,288,92696F80,0,1,1,4294967295,0,0
EvilSprite,1696,0,9916250B,0,2,4,4292359546,0,1
TriggerInstance,1696,96,7ABAC310,0,1,7,4294967295,0,1
SavePointHard,3072,224,9B183E23,0,1,1,4294967295,0,0
BuildingBlock,3328,368,4192CF5F,0,3,7.5,4294967295,0,1
BuildingBlock,3488,272,B21DC843,0,3,3,4294967295,0,1
BuildingBlock,3680,144,9DC41F12,0,4.5,14.5,4294967295,0,1
BuildingBlock,3504,368,0FCB33B2,0,2,7,4294967295,0,1
BuildingBlock,3360,304,111FCB1C,0,2,2,4294967295,0,1
TimedBreakable,3968,256,2F931D05,0,1,1,4294967295,0,1
TimedBreakable,3968,288,63F78486,0,1,1,4294967295,0,1
TimedBreakable,3856,256,067DFFBF,0,1,1,4294967295,0,0
TimedBreakable,3888,320,CA0B0045,0,1,1,4294967295,0,0
TimedBreakable,3920,176,1628C49F,0,1,1,4294967295,0,0
SavePointHard,1600,256,7093D7F7,0,1,1,4294967295,0,0
TimedBreakable,1616,416,1830FBF5,0,1,1,4294967295,0,0
TimedBreakable,3424,160,2FF5B2F7,0,1,1,4294967295,0,0
TimedBreakable,3424,192,8903714C,0,1,1,4294967295,0,0
TimedBreakable,3424,224,518D08B1,0,1,1,4294967295,0,0
TimedBreakable,3424,256,EF8A89A2,0,1,1,4294967295,0,0
TimedBreakable,3424,288,24A0ACA9,0,1,1,4294967295,0,0
TimedBreakable,3424,320,362B7137,0,1,1,4294967295,0,0
TimedBreakable,3424,352,C9587E28,0,1,1,4294967295,0,0
TimedBreakable,3424,384,22CBBF92,0,1,1,4294967295,0,0
TimedBreakable,3424,416,8C96FF49,0,1,1,4294967295,0,0
TimedBreakable,3424,448,3217B34B,0,1,1,4294967295,0,0
TimedBreakable,3424,128,04D2C37F,0,1,1,4294967295,0,0
TimedBreakable,3616,128,94A25A6F,0,1,1,4294967295,0,0
TimedBreakable,3616,160,1210ADF5,0,1,1,4294967295,0,0
TimedBreakable,3616,192,56C922EB,0,1,1,4294967295,0,0
TimedBreakable,3616,224,65D3A5ED,0,1,1,4294967295,0,0
TimedBreakable,3616,256,5D894327,0,1,1,4294967295,0,0
TimedBreakable,3616,288,57641124,0,1,1,4294967295,0,0
TimedBreakable,3616,320,A558ACD7,0,1,1,4294967295,0,0
TimedBreakable,3616,352,37437928,0,1,1,4294967295,0,0
TimedBreakable,3616,384,3E3A11C8,0,1,1,4294967295,0,0
TimedBreakable,3616,416,AC775378,0,1,1,4294967295,0,0
TimedBreakable,3616,448,0EEBB675,0,1,1,4294967295,0,0
TimedBreakable,3616,480,EF409B1E,0,1,1,4294967295,0,0
TimedBreakable,3616,96,DFFBCAE7,0,1,1,4294967295,0,0
DecoStar,2624,128,2AB66644,0,1,1,4294967295,0,0
DecoStar,2720,192,A059CD23,0,1,1,4294967295,0,0
DecoStar,2496,192,D0585D47,0,1,1,4294967295,0,0
DecoStar,2720,96,03DCB760,0,1,1,4294967295,0,0
DecoStar,2976,64,3A066E47,0,1,1,4294967295,0,0
DecoStar,3040,224,254AD837,0,1,1,4294967295,0,0
DecoStar,2880,192,82318D31,0,1,1,4294967295,0,0
DecoStar,2464,32,81A940B2,0,1,1,4294967295,0,0
DecoStar,3456,144,0A48BE13,0,1,1,4294967295,0,0
DecoStar,3232,160,47FC6591,0,1,1,4294967295,0,0
DecoStar,3776,80,068697E4,0,1,1,4294967295,0,0
DecoStar,3888,160,5930462D,0,1,1,4294967295,0,0
DecoStar,3552,160,3C9EACDE,0,1,1,4294967295,0,0
DecoStar,4192,80,B80F7C81,0,1,1,4294967295,0,0
DecoStar,4352,208,06F95F17,0,1,1,4294967295,0,0
DecoStar,4224,160,FE57BF80,0,1,1,4294967295,0,0
DecoStar,4544,48,D4B71BEF,0,1,1,4294967295,0,0
DecoStar,4336,160,057B12BE,0,1,1,4294967295,0,0
DecoStar,4704,208,756AFA0D,0,1,1,4294967295,0,0
DecoStar,4400,144,FC3D795C,0,1,1,4294967295,0,0
DecoStar,4256,32,62BEF669,0,1,1,4294967295,0,0
DecoStar,3664,80,4BC9FA71,0,1,1,4294967295,0,0
DecoStar,3296,112,46D99C18,0,1,1,4294967295,0,0
BreakableBlock,4000,1760,C719742F,0,1,1,4294967295,0,0
BreakableBlock,4032,1760,D9404412,0,1,1,4294967295,0,0
BreakableBlock,4064,1760,105B4C79,0,1,1,4294967295,0,0
BreakableBlock,4096,1760,E3994EC5,0,1,1,4294967295,0,0
BreakableBlock,4128,1760,9F1F4764,0,1,1,4294967295,0,0
BreakableBlock,4160,1760,4AFC0BCC,0,1,1,4294967295,0,0
BreakableBlock,4192,1760,649B2FE5,0,1,1,4294967295,0,0
BreakableBlock,4224,1760,11D506E0,0,1,1,4294967295,0,0
BreakableBlock,4256,1760,BA3ABEA8,0,1,1,4294967295,0,0
BreakableBlock,4288,1760,2FB04B67,0,1,1,4294967295,0,0
BreakableBlock,4320,1760,FE758F5D,0,1,1,4294967295,0,0
BreakableBlock,4352,1760,45059BA1,0,1,1,4294967295,0,0
BreakableBlock,4384,1760,807E1543,0,1,1,4294967295,0,0
BreakableBlock,4416,1760,02353F92,0,1,1,4294967295,0,0
BreakableBlock,4448,1760,137C7A90,0,1,1,4294967295,0,0
BreakableBlock,4000,1792,D252D70D,0,1,1,4294967295,0,0
BreakableBlock,4032,1792,07599413,0,1,1,4294967295,0,0
BreakableBlock,4064,1792,757A9400,0,1,1,4294967295,0,0
BreakableBlock,4096,1792,C6D5F907,0,1,1,4294967295,0,0
BreakableBlock,4160,1792,C13705CB,0,1,1,4294967295,0,0
BreakableBlock,4192,1792,7859CE64,0,1,1,4294967295,0,0
BreakableBlock,4224,1792,C2C3DC52,0,1,1,4294967295,0,0
BreakableBlock,4256,1792,48BE7085,0,1,1,4294967295,0,0
BreakableBlock,4320,1792,332732D2,0,1,1,4294967295,0,0
BreakableBlock,4352,1792,A6793117,0,1,1,4294967295,0,0
BreakableBlock,4416,1792,1AB72A3D,0,1,1,4294967295,0,0
BreakableBlock,4448,1792,1AB55053,0,1,1,4294967295,0,0
BreakableBlock,4512,1792,0039014A,0,1,1,4294967295,0,0
BreakableBlock,4544,1792,88C0A899,0,1,1,4294967295,0,0
BreakableBlock,4576,1792,A3F51667,0,1,1,4294967295,0,0
BreakableBlock,4608,1792,6E832468,0,1,1,4294967295,0,0
BreakableBlock,4640,1792,188AC7ED,0,1,1,4294967295,0,0
BreakableBlock,4672,1792,A0E206AE,0,1,1,4294967295,0,0
BreakableBlock,4704,1792,6EAF2A86,0,1,1,4294967295,0,0
BreakableBlock,4736,1792,93518321,0,1,1,4294967295,0,0
BreakableBlock,4384,1792,018B5CB7,0,1,1,4294967295,0,0
BreakableBlock,4288,1792,D4424CD6,0,1,1,4294967295,0,0
BreakableBlock,4128,1792,302F3551,0,1,1,4294967295,0,0
BreakableBlock,4224,1728,79527E84,0,1,1,4294967295,0,0
BreakableBlock,4256,1728,8AE36CB4,0,1,1,4294967295,0,0
BreakableBlock,4288,1728,653095F8,0,1,1,4294967295,0,0
BreakableBlock,4576,1760,0602F892,0,1,1,4294967295,0,0
BreakableBlock,4608,1760,3D69D2D3,0,1,1,4294967295,0,0
BreakableBlock,4640,1760,06AF05E2,0,1,1,4294967295,0,0
BreakableBlock,4672,1760,06875985,0,1,1,4294967295,0,0
BreakableBlock,4704,1760,561AB602,0,1,1,4294967295,0,0
BreakableBlock,4736,1760,6D06D728,0,1,1,4294967295,0,0
BreakableBlock,4704,1728,E311294F,0,1,1,4294967295,0,0
BreakableBlock,4736,1728,A712E878,0,1,1,4294967295,0,0
BreakableBlock,4032,1824,EC70586F,0,1,1,4294967295,0,0
BreakableBlock,4064,1824,15A4A2D4,0,1,1,4294967295,0,0
BreakableBlock,4096,1824,75AE3FED,0,1,1,4294967295,0,0
BreakableBlock,4128,1824,B968E033,0,1,1,4294967295,0,0
BreakableBlock,4160,1824,0AA27974,0,1,1,4294967295,0,0
BreakableBlock,4192,1824,937DC0E4,0,1,1,4294967295,0,0
BreakableBlock,4256,1824,C5136DCB,0,1,1,4294967295,0,0
BreakableBlock,4288,1824,2CBC09C4,0,1,1,4294967295,0,0
BreakableBlock,4320,1824,2C31372F,0,1,1,4294967295,0,0
BreakableBlock,4352,1824,B258BBED,0,1,1,4294967295,0,0
BreakableBlock,4416,1824,078171ED,0,1,1,4294967295,0,0
BreakableBlock,4448,1824,0E0236A0,0,1,1,4294967295,0,0
BreakableBlock,4480,1824,83177320,0,1,1,4294967295,0,0
BreakableBlock,4512,1824,9BE92ACF,0,1,1,4294967295,0,0
BreakableBlock,4544,1824,1430D977,0,1,1,4294967295,0,0
BreakableBlock,4576,1824,1F4678E7,0,1,1,4294967295,0,0
BreakableBlock,4608,1824,487FB257,0,1,1,4294967295,0,0
BreakableBlock,4640,1824,C8B3FB00,0,1,1,4294967295,0,0
BreakableBlock,4672,1824,CBB9878F,0,1,1,4294967295,0,0
BreakableBlock,4704,1824,3BF7D7F1,0,1,1,4294967295,0,0
BreakableBlock,4736,1824,6BDD0B86,0,1,1,4294967295,0,0
BreakableBlock,4384,1824,44E30CB2,0,1,1,4294967295,0,0
BreakableBlock,4224,1824,E6EF3129,0,1,1,4294967295,0,0
BreakableBlock,4000,1824,DE6CB901,0,1,1,4294967295,0,0
BreakableBlock,4032,2016,D95D981A,0,1,1,4294967295,0,0
BreakableBlock,4032,2048,584415B5,0,1,1,4294967295,0,0
BreakableBlock,4032,2080,F5E62FD1,0,1,1,4294967295,0,0
BreakableBlock,4736,1856,5E5C41B9,0,1,1,4294967295,0,0
BreakableBlock,4704,1856,A9716D34,0,1,1,4294967295,0,0
BreakableBlock,4672,1856,F76A08EF,0,1,1,4294967295,0,0
BreakableBlock,4640,1856,8D72C133,0,1,1,4294967295,0,0
BreakableBlock,4608,1856,81ABD617,0,1,1,4294967295,0,0
BreakableBlock,4576,1856,66D695D3,0,1,1,4294967295,0,0
BreakableBlock,4544,1856,65773D7B,0,1,1,4294967295,0,0
BreakableBlock,4512,1856,8CEE8CEB,0,1,1,4294967295,0,0
BreakableBlock,4480,1856,01E5617D,0,1,1,4294967295,0,0
BreakableBlock,4448,1856,6A6C0BEE,0,1,1,4294967295,0,0
BreakableBlock,4384,1856,E7498490,0,1,1,4294967295,0,0
BreakableBlock,4352,1856,E59BE827,0,1,1,4294967295,0,0
BreakableBlock,4320,1856,86112CC5,0,1,1,4294967295,0,0
BreakableBlock,4288,1856,EAAB7E62,0,1,1,4294967295,0,0
BreakableBlock,4256,1856,225CD7D2,0,1,1,4294967295,0,0
BreakableBlock,4224,1856,A43E2127,0,1,1,4294967295,0,0
BreakableBlock,4192,1856,16E76BC1,0,1,1,4294967295,0,0
BreakableBlock,4160,1856,2E00F149,0,1,1,4294967295,0,0
BreakableBlock,4128,1856,38085C7A,0,1,1,4294967295,0,0
BreakableBlock,4096,1856,A9D4F82B,0,1,1,4294967295,0,0
BreakableBlock,4064,1856,59C98CAD,0,1,1,4294967295,0,0
BreakableBlock,4032,1856,1A7D9770,0,1,1,4294967295,0,0
BreakableBlock,4032,1888,9C73430D,0,1,1,4294967295,0,0
BreakableBlock,4064,1888,909BFF54,0,1,1,4294967295,0,0
BreakableBlock,4096,1888,14080B0E,0,1,1,4294967295,0,0
BreakableBlock,4128,1888,B6F7CB16,0,1,1,4294967295,0,0
BreakableBlock,4160,1888,1E70E9DA,0,1,1,4294967295,0,0
BreakableBlock,4192,1888,170A2C16,0,1,1,4294967295,0,0
BreakableBlock,4224,1888,9D82BD22,0,1,1,4294967295,0,0
BreakableBlock,4256,1888,C10CA60B,0,1,1,4294967295,0,0
BreakableBlock,4288,1888,E1A0D686,0,1,1,4294967295,0,0
BreakableBlock,4320,1888,B6EB5994,0,1,1,4294967295,0,0
BreakableBlock,4512,1888,123C297F,0,1,1,4294967295,0,0
BreakableBlock,4544,1888,B481BC52,0,1,1,4294967295,0,0
BreakableBlock,4576,1888,ED2FC124,0,1,1,4294967295,0,0
BreakableBlock,4608,1888,4A41FC0A,0,1,1,4294967295,0,0
BreakableBlock,4640,1888,3A7EA544,0,1,1,4294967295,0,0
BreakableBlock,4672,1888,772E5A07,0,1,1,4294967295,0,0
BreakableBlock,4704,1888,E03AA52E,0,1,1,4294967295,0,0
BreakableBlock,4736,1888,E454ABCA,0,1,1,4294967295,0,0
BreakableBlock,4640,1920,ACFF40BE,0,1,1,4294967295,0,0
BreakableBlock,4672,1920,B77EA7E8,0,1,1,4294967295,0,0
BreakableBlock,4704,1920,EF8778C7,0,1,1,4294967295,0,0
BreakableBlock,4736,1920,685DA632,0,1,1,4294967295,0,0
BreakableBlock,4672,1952,C71FB2B0,0,1,1,4294967295,0,0
BreakableBlock,4704,1952,1327CAA1,0,1,1,4294967295,0,0
BreakableBlock,4736,1952,0DF6AF7B,0,1,1,4294967295,0,0
BreakableBlock,4704,1984,0A2E6B2F,0,1,1,4294967295,0,0
BreakableBlock,4736,1984,EE956872,0,1,1,4294967295,0,0
BreakableBlock,4704,2016,E8CCD196,0,1,1,4294967295,0,0
BreakableBlock,4736,2016,269C1593,0,1,1,4294967295,0,0
BreakableBlock,4736,2048,685262D7,0,1,1,4294967295,0,0
BreakableBlock,4064,1920,2C7C500A,0,1,1,4294967295,0,0
BreakableBlock,4032,1920,A26D3797,0,1,1,4294967295,0,0
BreakableBlock,4000,1952,4EC3677B,0,1,1,4294967295,0,0
BreakableBlock,4000,1984,83456029,0,1,1,4294967295,0,0
BreakableBlock,4000,2016,96E51E90,0,1,1,4294967295,0,0
BreakableBlock,4000,2048,4D2784DA,0,1,1,4294967295,0,0
BreakableBlock,4000,2080,1E2AC470,0,1,1,4294967295,0,0
BreakableBlock,4000,2112,DB0F266D,0,1,1,4294967295,0,0
BreakableBlock,4000,2144,3477153E,0,1,1,4294967295,0,0
BreakableBlock,4000,1920,43B54842,0,1,1,4294967295,0,0
BreakableBlock,4000,1856,39971F00,0,1,1,4294967295,0,0
BreakableBlock,4000,1888,3D95AD64,0,1,1,4294967295,0,0
BreakableBlock,4480,1792,D8DC211E,0,1,1,4294967295,0,0
CherryyrrehC,2624,768,85CC4BE5,0,1,1,4294967295,0,1
Marker,2672,1104,FDDED258,0,1,1,4294967295,0,0
Marker,2832,1120,3A9D4882,0,1,1,4294967295,0,0
Marker,3008,1072,7A5E9493,0,1,1,4294967295,0,0
Marker,2752,1056,50164317,0,1,1,4294967295,0,0
Marker,2912,1072,9D467A71,0,1,1,4294967295,0,0
CherryyrrehC,2720,688,CF28714B,0,1,1,4294967295,0,1
CherryyrrehC,2800,768,AB1043A1,0,1,1,4294967295,0,1
CherryyrrehC,2896,704,DE7D31AE,0,1,1,4294967295,0,1
CherryyrrehC,3008,784,CFCCFDC4,0,1,1,4294967295,0,1
TriggerInstance,2592,1008,690531CC,0,1,5.5,4294967295,0,1
TriggerInstance,2672,1008,B616276C,0,1,5.5,4294967295,0,1
TriggerInstance,2752,1008,782B0EDF,0,1,5.5,4294967295,0,1
TriggerInstance,2816,1008,C485E066,0,1,5.5,4294967295,0,1
TriggerInstance,2896,1008,B6065374,0,1,5.5,4294967295,0,1
TriggerInstance,3088,848,3DCACD01,0,1,4.5,4294967295,0,1
TriggerInstance,2992,832,332369F3,0,1,4,4294967295,0,1
TriggerInstance,2912,832,13111C45,0,1,4,4294967295,0,1
TriggerInstance,2800,832,1B730F07,0,1,4,4294967295,0,1
TriggerInstance,2736,848,9951417E,0,1,3.5,4294967295,0,1
PlayerStart,2560,1280,574CCCB4,0,1,1,4294967295,0,1
RiskOfOcean,1600,1088,B9BB6E09,0,2,2,4292359546,0,0
RiskOfOcean,1984,1088,401ACDB4,0,2,2,4292359546,0,0
OceanWaters,1600,1184,495C4872,0,4,0.6274509803922,4292359546,0,0
RiskOfOcean,832,1088,96BF03FF,0,2,2,4292359546,0,1
RiskOfOcean,1216,1088,80839DE0,0,2,2,4292359546,0,1
OceanWaters,832,1184,0DF136C6,0,4,0.6274510025978,4292359546,0,0
RiskOfOcean,896,448,57E5FFA2,0,2,2,4292359546,270,1
RiskOfOcean,896,64,EABAD3E3,0,2,2,4292359546,270,1
RiskOfOcean,832,126,DC22DC27,0,2,-2,4292359546,0,1
OceanWaters,832,30,9597C18A,0,2,-0.6274509803922,4292359546,0,0
RiskOfOcean,1216,126,F9F92561,0,2,-2,4292359546,0,1
OceanWaters,1216,30,C281B09A,0,2,-0.6274510025978,4292359546,0,0
RiskOfOcean,1600,126,421E7F50,0,2,-2,4292359546,0,1
OceanWaters,1600,30,8798EB90,0,2,-0.6274510025978,4292359546,0,0
RiskOfOcean,1984,126,78F8AC11,0,2,-2,4292359546,0,1
OceanWaters,1984,30,05114FED,0,2,-0.6274510025978,4292359546,0,0
RiskOfOcean,3232,512,D935E924,0,2,2,4292359546,0,0
RiskOfOcean,3600,512,AF098CBC,0,2,2,4292359546,0,0
Water3,4032,2256,F5955A5D,0,22,3.5,4294967295,0,1
Block,1872,1136,00059B65,0,3.5,1,4294967295,0,1
SpikeTall,2336,960,092C3DB9,0,1,8.5,4292359546,0,1
