SpikeHardD,16,320,BB7719F9,0,1,1,4294967295,0,1
SpikeD,16,96,F3AB69D3,0,1,1,4294967295,0,0
SpikeD,112,96,80AB3C71,0,1,1,4294967295,0,0
SpikeR,160,96,56523443,0,1,1,4294967295,0,0
SpikeL,192,160,1CE5BCA0,0,1,1,4294967295,0,0
SpikeL,176,208,1E2A8FE5,0,1,1,4294967295,0,0
SpikeL,208,288,89654381,0,1,1,4294967295,0,0
SpikeD,160,352,89F698DD,0,1,1,4294967295,0,0
SpikeU,160,320,DB528A41,0,1,1,4294967295,0,0
SpikeU,192,416,1EA5EF02,0,1,1,4294967295,0,0
SpikeD,192,448,8CA66431,0,1,1,4294967295,0,0
SpikeU,64,160,D30FDF87,0,1,1,4294967295,0,0
SpikeU,48,192,92360070,0,1,1,4294967295,0,0
SpikeL,112,192,C2D2C7B3,0,1,1,4294967295,0,0
SpikeD,48,224,C7780642,0,1,1,4294967295,0,0
SpikeD,16,256,9E19916A,0,1,1,4294967295,0,0
SpikeR,32,304,1DC999D0,0,1,1,4294967295,0,0
SpikeL,96,256,6445E108,0,1,1,4294967295,0,0
SpikeL,80,272,DC0868F7,0,1,1,4294967295,0,0
SpikeR,16,272,24AB028F,0,1,1,4294967295,0,0
SpikeL,96,320,2166C52C,0,1,1,4294967295,0,0
SpikeU,64,384,7D42858D,0,1,1,4294967295,0,0
SpikeU,32,432,BDA34C93,0,1,1,4294967295,0,0
SpikeR,16,512,A8BA6804,0,1,1,4294967295,0,0
SpikeL,112,512,6AFD49A2,0,1,1,4294967295,0,0
SpikeR,32,544,C98C990F,0,1,1,4294967295,0,0
SpikeL,96,544,11615285,0,1,1,4294967295,0,0
SpikeU,16,576,C0D2F4D1,0,1,1,4294967295,0,0
SpikeU,112,576,932D0448,0,1,1,4294967295,0,0
SpikeU,32,592,5D6A29E8,0,1,1,4294967295,0,0
SpikeU,96,592,F2D53003,0,1,1,4294967295,0,0
SpikeD,256,96,DB4B05C7,0,1,1,4281335552,0,1
SpikeR,368,240,88CCD3D7,0,1,1,4294967295,0,0
SpikeL,368,224,2974E01A,0,1,1,4294967295,0,0
SpikeU,416,592,8E9E31C6,0,1,1,4294967295,0,0
SpikeU,448,592,5E39234D,0,1,1,4294967295,0,0
SpikeU,480,592,7073E2AC,0,1,1,4294967295,0,0
SpikeU,512,592,B19B22C0,0,1,1,4294967295,0,0
SpikeU,544,592,AA4DA543,0,1,1,4294967295,0,0
SpikeU,576,592,F1DEFB12,0,1,1,4294967295,0,0
SpikeU,672,592,3AAAB22B,0,1,1,4294967295,0,0
SpikeU,704,592,5FD96B0A,0,1,1,4294967295,0,0
SpikeU,608,592,8452240E,0,1,1,4294967295,0,0
SpikeU,640,592,666330AC,0,1,1,4294967295,0,0
SpikeU,736,592,249D5708,0,1,1,4294967295,0,0
SpikeD,384,480,5EEDD36F,0,1,1,4294967295,0,0
SpikeD,416,480,8885BD73,0,1,1,4294967295,0,0
SpikeD,448,480,5708FABB,0,1,1,4294967295,0,0
SpikeD,480,480,8806016B,0,1,1,4294967295,0,0
SpikeD,512,480,80407639,0,1,1,4294967295,0,0
SpikeD,544,480,30D7C526,0,1,1,4294967295,0,0
SpikeD,576,480,0409159E,0,1,1,4294967295,0,0
SpikeD,608,480,A35B60F1,0,1,1,4294967295,0,0
SpikeD,640,480,B449CA97,0,1,1,4294967295,0,0
SpikeD,672,480,A59668AB,0,1,1,4294967295,0,0
SpikeU,672,448,87CB8ADF,0,1,1,4294967295,0,0
SpikeU,608,448,60F9C9FD,0,1,1,4294967295,0,0
SpikeU,544,448,B739FC4A,0,1,1,4294967295,0,0
SpikeU,480,448,22D5FBA5,0,1,1,4294967295,0,0
SpikeU,416,448,EF532734,0,1,1,4294967295,0,0
SpikeD,448,416,C34C49A8,0,1,1,4294967295,0,0
SpikeD,576,416,5CD0E180,0,1,1,4294967295,0,0
SpikeD,640,368,3B56DC89,0,1,1,4294967295,0,0
SpikeD,576,368,97583E74,0,1,1,4294967295,0,0
SpikeD,512,368,B610F048,0,1,1,4294967295,0,0
SpikeD,448,368,590B51E7,0,1,1,4294967295,0,0
SpikeU,448,352,8C7AFD9D,0,1,1,4294967295,0,0
SpikeU,512,352,95E1D976,0,1,1,4294967295,0,0
SpikeU,576,352,61901F6B,0,1,1,4294967295,0,0
SpikeU,640,352,2A4E8D51,0,1,1,4294967295,0,0
SpikeD,448,288,522CD1A5,0,1,1,4294967295,0,0
SpikeU,432,224,8C7324C4,0,1,1,4294967295,0,0
SpikeU,448,65,6C6458AE,0,1,1,4294967295,0,0
SpikeR,480,64,F5C560E2,0,1,1,4294967295,0,0
SpikeL,512,64,9BEB881D,0,1,1,4294967295,0,0
SpikeD,416,-16,B311A309,0,1,1,4294967295,0,0
SpikeD,576,0,7600EBA2,0,1,1,4294967295,0,0
SpikeD,576,64,2FCF21DE,0,1,1,4294967295,0,0
SpikeD,576,128,BAD65676,0,1,1,4294967295,0,0
SpikeD,576,144,72E3F9B8,0,1,1,4294967295,0,0
SpikeL,544,128,685802DE,0,1,1,4294967295,0,0
SpikeU,576,96,A979F34C,0,1,1,4294967295,0,0
SpikeU,576,32,420A35D2,0,1,1,4294967295,0,0
SpikeD,288,96,8EA1FFE8,0,1,1,4281335552,0,1
SpikeR,144,256,1B56D876,0,1,1,4294967295,0,0
SpikeHardD,448,-16,C54428EE,0,1,1,4294967295,0,0
SpikeHardD,480,-16,AF6AD92F,0,1,1,4294967295,0,0
SpikeHardD,512,-16,6DAC7C5A,0,1,1,4294967295,0,0
SpikeHardD,544,-16,7F1F5531,0,1,1,4294967295,0,0
SpikeHardD,352,32,4B6036B0,0,1,1,4294967295,0,0
SpikeHardD,64,480,2B6924CB,0,1,1,4294967295,0,0
SpikeHardD,352,384,65138B6E,0,1,1,4294967295,0,0
SpikeHardU,432,288,6081F76C,0,1,1,4294967295,0,0
SpikeHardU,32,416,921D1454,0,1,1,4294967295,0,0
SpikeHardR,240,256,C6480402,0,1,1,4294967295,0,0
SpikeHardL,304,336,8AA9524B,0,1,1,4294967295,0,0
SpikeHardR,240,400,84D34643,0,1,1,4294967295,0,0
SpikeMediumD,48,480,4465069F,0,1,1,4294967295,0,0
StickyBlock,224,480,2D717F06,0,1,1,4294967295,0,0
StickyBlock,224,32,029B91AB,0,1,1,4294967295,0,0
StickyBlock,224,64,91E7A2E2,0,1,1,4294967295,0,0
StickyBlock,224,96,44D61420,0,1,1,4294967295,0,0
StickyBlock,224,128,A5E72DD5,0,1,1,4294967295,0,0
StickyBlock,224,160,71BAFC98,0,1,1,4294967295,0,0
StickyBlock,224,192,18CD5D36,0,1,1,4294967295,0,0
StickyBlock,224,224,15EF1AB4,0,1,1,4294967295,0,0
StickyBlock,224,256,87EFDF33,0,1,1,4294967295,0,0
StickyBlock,224,288,05942090,0,1,1,4294967295,0,0
StickyBlock,224,320,ACFD7BBE,0,1,1,4294967295,0,0
StickyBlock,224,352,B31A1037,0,1,1,4294967295,0,0
StickyBlock,224,384,2AAD1CF6,0,1,1,4294967295,0,0
StickyBlock,224,416,27A85B7D,0,1,1,4294967295,0,0
StickyBlock,224,448,0E6E371D,0,1,1,4294967295,0,0
StickyBlock,64,192,7425B041,0,1,1,4294967295,0,0
StickyBlock,128,96,EB45161C,0,1,1,4294967295,0,0
StickyBlock,128,128,A3BDFA1C,0,1,1,4294967295,0,0
StickyBlock,128,160,FC1BB761,0,1,1,4294967295,0,0
StickyBlock,128,192,3469C2A1,0,1,1,4294967295,0,0
StickyBlock,128,224,40CD1A6F,0,1,1,4294967295,0,0
StickyBlock,128,256,FBF7DA75,0,1,1,4294967295,0,0
StickyBlock,128,288,FD9F8559,0,1,1,4294967295,0,0
StickyBlock,128,320,516C5F0B,0,1,1,4294967295,0,0
StickyBlock,320,480,AC2F5B78,0,1,1,4294967295,0,0
StickyBlock,320,160,23040892,0,1,1,4294967295,0,0
StickyBlock,320,192,DFCBFF97,0,1,1,4294967295,0,0
StickyBlock,320,224,FA8FB581,0,1,1,4294967295,0,0
StickyBlock,320,256,CBA3B207,0,1,1,4294967295,0,0
StickyBlock,320,288,0300C303,0,1,1,4294967295,0,0
StickyBlock,320,320,1EF9F3B4,0,1,1,4294967295,0,0
StickyBlock,320,352,4FE556A6,0,1,1,4294967295,0,0
StickyBlock,320,384,AAB862AB,0,1,1,4294967295,0,0
StickyBlock,320,416,B34564A6,0,1,1,4294967295,0,0
StickyBlock,320,448,9B6C6E0D,0,1,1,4294967295,0,0
Warp,64,576,5098B909,0,1,1,4294967295,0,1
Block,704,0,2A7464D6,0,3,2,4294967295,0,0
Block,736,64,1E61D0C8,0,2,1,4294967295,0,0
Block,768,96,D9F5E225,0,1,2,4294967295,0,0
Block,768,224,A50C7EFC,0,1,12,4294967295,0,0
Block,0,0,9919005B,0,1,5,4294967295,0,0
Block,0,224,CEC52250,0,2,1,4294967295,0,0
Block,0,256,C7E54E13,0,1,11,4294967295,0,0
Block,32,448,014F7B7E,0,2,1,4294967295,0,0
Block,64,416,9ED0F321,0,1,1,4294967295,0,0
Block,128,352,577860C7,0,1,8,4294967295,0,0
Block,32,64,1E5A9023,0,3,1,4294967295,0,0
Block,32,0,F7D38C2C,0,7,1,4294967295,0,0
Block,160,576,E736EB76,0,2,1,4294967295,0,0
Block,240,512,87FFA56C,0,1,0.5,4294967295,0,0
Block,256,528,61E8B53C,0,1,0.5,4294967295,0,0
Block,224,592,EFDF82C4,0,1,1,4294967295,0,0
Block,288,560,3AB8CFCE,0,1,1,4294967295,0,0
Block,320,560,BF9B19C6,0,0.5,0.5,4294967295,0,0
Block,320,576,21A15316,0,1,1,4294967295,0,0
Block,272,512,60E1DEAB,0,0.5,0.5,4294967295,0,0
ConveyorRight,352,576,BCCB1643,0,1,1,4294967295,0,1
ConveyorRight,384,576,FF8DC733,0,1,1,4294967295,0,1
Block,256,496,13C26536,0,0.5,0.5,4294967295,0,0
Block,352,480,B27A5667,0,1,1,4294967295,0,0
Block,320,0,6902DE3B,0,3,1,4294967295,0,0
Block,336,32,14B6C86F,0,1,4,4294967295,0,0
Block,256,64,E8A896C7,0,2,1,4294967295,0,0
Block,352,384,7DE5E9D0,0,0.5,3,4294967295,0,0
Block,352,352,74834F96,0,1,1,4294967295,0,0
Block,352,256,3BE23383,0,0.5,3,4294967295,0,0
Block,352,160,B8EEFA30,0,0.5,2,4294967295,0,0
Block,640,288,57622D05,0,4,1,4294967295,0,0
Block,608,224,98BBDB8B,0,5,2,4294967295,0,0
KillBlock,400,-32,4AE6EEC2,0,12,0.5,4294967295,0,0
Block,448,96,ABF44B15,0,1,5,4294967295,0,0
Block,480,224,E7EC03BA,0,4,1,4294967295,0,0
Block,800,224,D7B8C31F,0,1,1,4294967295,0,0
Block,-32,224,271FC195,0,1,1,4294967295,0,0
Block,-32,128,DA29B3F9,0,1,1,4294967295,0,0
Block,800,128,111885F1,0,1,1,4294967295,0,0
AntiSoftlockBlock,416,512,A4C466F8,0,11,3,4294967295,0,0
Signpost,128,64,3FEF9140,0,1,1,4294967295,0,1
SavePointHard,64,32,CDAF5DC6,0,1,1,4294967295,0,0
ShootBlock,96,384,A9725FD0,0,1,1,4294967295,0,0
SavePointHard,160,544,E6C2A87A,0,1,1,4294967295,0,0
ShootBlock,256,128,25B0BEBC,0,2,2,4294967295,0,0
Jumper,352,224,5D25F267,0,1,1,4294967295,0,0
Platform,256,192,11F00C85,0,1,1,4280612353,0,0
Platform,288,224,130FA9D0,0,1,1,4280612353,0,0
Platform,256,256,D99C8F26,0,1,1,4280612353,0,1
Platform,288,304,91FEC736,0,1,1,4280612353,0,1
Platform,272,384,4055ECD1,0,1,1,4280612353,0,1
Platform,256,336,467793A4,0,1,1,4280612353,0,1
Platform,288,432,C1F05A4C,0,1,1,4280612353,0,1
Platform,256,464,41F280AF,0,1,1,4280612353,0,1
Platform,640,464,5E3501A1,0,1,1,4294967295,0,0
Platform,576,464,7AD4F4BE,0,1,1,4294967295,0,0
Platform,512,464,247C7F2F,0,1,1,4294967295,0,0
Platform,448,464,3211FDCD,0,1,1,4294967295,0,0
Platform,384,464,6E52A59B,0,1,1,4294967295,0,0
SavePointHard,720,192,EBB6E436,0,1,1,4294967295,0,0
Pauser,448,512,A8B7B019,0,1,1,4294967295,0,1
Pauser,448,544,3DCA8867,0,1,1,4294967295,0,1
TrapRedirect,320,512,EB10C065,0,1,2,4294967295,0,0
Cherry,688,96,8DCFBC30,0,1,1,4294967295,0,0
Cherry,496,176,AE5ED796,0,1.4545454545455,1.3333333333333,4294967295,0,0
MusicPlayer,96,32,A19CD7C3,0,1,1,4294967295,0,1
TrapRedirect,256,480,36A9EFDB,0,2,1,4294967295,0,0
TrapRedirect,256,64,AE989404,0,2,1,4294967295,0,0
TriggerInstance,256,128,5275BE72,0,2,2.5,4294967295,0,1
TriggerInstance,240,128,F6C2C6BB,0,2.5,2,4294967295,0,1
TextDraw,368,528,FCDF8C8B,0,1,1,4294967295,0,1
SavePointMedium,288,528,DBD6F3EB,0,1,1,4294967295,0,0
ScreenWrap,-32,160,708D65B2,0,2,2,4294967295,0,0
ScreenWrap,768,160,178A43BD,0,2,2,4294967295,0,0
ScreenWrap,416,-32,0176998C,0,9,1,4294967295,0,0
ScreenWrap,256,608,43CC5F51,0,2,1,4294967295,0,0
ScreenWrap,256,-32,2AF09640,0,2,1,4294967295,0,0
PlayerStart,32,32,02E616D3,0,1,1,4294967295,0,0
Water1,32,368,2F64109F,0,3,3,4294967295,0,0
Water1,448,16,31CEDC89,0,5,7,4294967295,0,0
FocusZone,0,0,3C7CE3C0,0,8,3,4294967295,0,0
FocusZone,128,0,C8610312,0,4,19,4294967295,0,0
FocusZone,128,512,0592D707,0,7,3,4294967295,0,0
FocusZone,224,0,B9516714,0,4,19,4294967295,0,0
FocusZone,256,512,1062D521,0,16,3,4294967295,0,0
FocusZone,352,256,9E0E0212,0,14,8,4294967295,0,0
FocusZone,352,0,FC286575,0,14,8,4294967295,0,0
FocusZone,352,0,58609E33,0,3,15,4294967295,0,0
FocusZone,0,96,D9B3557C,0,4,16,4294967295,0,0
