bgMegaman,1696,672,96,32,32,32,0,1,1,4282400832
bgMegaman,1728,672,96,32,32,32,0,1,1,4282400832
bgMegaman,1728,704,96,32,32,32,0,1,1,4282400832
bgMegaman,1696,704,96,32,32,32,0,1,1,4282400832
bgMegaman,1696,800,96,32,32,32,0,1,1,4282400832
bgMegaman,1696,768,96,32,32,32,0,1,1,4282400832
bgMegaman,1696,736,96,32,32,32,0,1,1,4282400832
bgMegaman,1696,832,96,32,32,32,0,1,1,4282400832
bgMegaman,1728,832,96,32,32,32,0,1,1,4282400832
bgMegaman,1728,800,96,32,32,32,0,1,1,4282400832
bgMegaman,1728,768,96,32,32,32,0,1,1,4282400832
bgMegaman,1728,736,96,32,32,32,0,1,1,4282400832
bgMegaman,1760,672,96,32,32,32,0,1,1,4282400832
bgMegaman,1792,672,96,32,32,32,0,1,1,4282400832
bgMegaman,1792,704,96,32,32,32,0,1,1,4282400832
bgMegaman,1760,704,96,32,32,32,0,1,1,4282400832
bgMegaman,1760,800,96,32,32,32,0,1,1,4282400832
bgMegaman,1760,768,96,32,32,32,0,1,1,4282400832
bgMegaman,1760,736,96,32,32,32,0,1,1,4282400832
bgMegaman,1760,832,96,32,32,32,0,1,1,4282400832
bgMegaman,1792,832,96,32,32,32,0,1,1,4282400832
bgMegaman,1792,800,96,32,32,32,0,1,1,4282400832
bgMegaman,1792,768,96,32,32,32,0,1,1,4282400832
bgMegaman,1792,736,96,32,32,32,0,1,1,4282400832
bgMegaman,1824,672,96,32,32,32,0,1,1,4282400832
bgMegaman,1856,672,96,32,32,32,0,1,1,4282400832
bgMegaman,1856,704,96,32,32,32,0,1,1,4282400832
bgMegaman,1824,704,96,32,32,32,0,1,1,4282400832
bgMegaman,1824,800,96,32,32,32,0,1,1,4282400832
bgMegaman,1824,768,96,32,32,32,0,1,1,4282400832
bgMegaman,1824,736,96,32,32,32,0,1,1,4282400832
bgMegaman,1824,832,96,32,32,32,0,1,1,4282400832
bgMegaman,1856,832,96,32,32,32,0,1,1,4282400832
bgMegaman,1856,800,96,32,32,32,0,1,1,4282400832
bgMegaman,1856,768,96,32,32,32,0,1,1,4282400832
bgMegaman,1856,736,96,32,32,32,0,1,1,4282400832
bgMegaman,1696,864,96,32,32,32,0,1,1,4282400832
bgMegaman,1728,864,96,32,32,32,0,1,1,4282400832
bgMegaman,1728,896,96,32,32,32,0,1,1,4282400832
bgMegaman,1696,896,96,32,32,32,0,1,1,4282400832
bgMegaman,1696,992,96,32,32,32,0,1,1,4282400832
bgMegaman,1696,960,96,32,32,32,0,1,1,4282400832
bgMegaman,1696,928,96,32,32,32,0,1,1,4282400832
bgMegaman,1728,992,96,32,32,32,0,1,1,4282400832
bgMegaman,1728,960,96,32,32,32,0,1,1,4282400832
bgMegaman,1728,928,96,32,32,32,0,1,1,4282400832
bgMegaman,1760,864,96,32,32,32,0,1,1,4282400832
bgMegaman,1792,864,96,32,32,32,0,1,1,4282400832
bgMegaman,1792,896,96,32,32,32,0,1,1,4282400832
bgMegaman,1760,896,96,32,32,32,0,1,1,4282400832
bgMegaman,1760,992,96,32,32,32,0,1,1,4282400832
bgMegaman,1760,960,96,32,32,32,0,1,1,4282400832
bgMegaman,1760,928,96,32,32,32,0,1,1,4282400832
bgMegaman,1792,992,96,32,32,32,0,1,1,4282400832
bgMegaman,1792,960,96,32,32,32,0,1,1,4282400832
bgMegaman,1792,928,96,32,32,32,0,1,1,4282400832
bgMegaman,1824,864,96,32,32,32,0,1,1,4282400832
bgMegaman,1856,864,96,32,32,32,0,1,1,4282400832
bgMegaman,1856,896,96,32,32,32,0,1,1,4282400832
bgMegaman,1824,896,96,32,32,32,0,1,1,4282400832
bgMegaman,1824,992,96,32,32,32,0,1,1,4282400832
bgMegaman,1824,960,96,32,32,32,0,1,1,4282400832
bgMegaman,1824,928,96,32,32,32,0,1,1,4282400832
bgMegaman,1856,992,96,32,32,32,0,1,1,4282400832
bgMegaman,1856,960,96,32,32,32,0,1,1,4282400832
bgMegaman,1856,928,96,32,32,32,0,1,1,4282400832
bgMegaman,1888,864,96,32,32,32,0,1,1,4282400832
bgMegaman,1920,864,96,32,32,32,0,1,1,4282400832
bgMegaman,1920,896,96,32,32,32,0,1,1,4282400832
bgMegaman,1888,896,96,32,32,32,0,1,1,4282400832
bgMegaman,1888,992,96,32,32,32,0,1,1,4282400832
bgMegaman,1888,960,96,32,32,32,0,1,1,4282400832
bgMegaman,1888,928,96,32,32,32,0,1,1,4282400832
bgMegaman,1920,992,96,32,32,32,0,1,1,4282400832
bgMegaman,1920,960,96,32,32,32,0,1,1,4282400832
bgMegaman,1920,928,96,32,32,32,0,1,1,4282400832
bgMegaman,1952,864,96,32,32,32,0,1,1,4282400832
bgMegaman,1984,864,96,32,32,32,0,1,1,4282400832
bgMegaman,1984,896,96,32,32,32,0,1,1,4282400832
bgMegaman,1952,896,96,32,32,32,0,1,1,4282400832
bgMegaman,1952,992,96,32,32,32,0,1,1,4282400832
bgMegaman,1952,960,96,32,32,32,0,1,1,4282400832
bgMegaman,1952,928,96,32,32,32,0,1,1,4282400832
bgMegaman,1984,992,96,32,32,32,0,1,1,4282400832
bgMegaman,1984,960,96,32,32,32,0,1,1,4282400832
bgMegaman,1984,928,96,32,32,32,0,1,1,4282400832
bgMegaman,2016,928,96,32,32,32,0,1,1,4282400832
bgMegaman,2016,960,96,32,32,32,0,1,1,4282400832
bgMegaman,2048,960,96,32,32,32,0,1,1,4282400832
bgMegaman,2048,928,96,32,32,32,0,1,1,4282400832
bgMegaman,2080,960,96,32,32,32,0,1,1,4282400832
bgMegaman,2080,928,96,32,32,32,0,1,1,4282400832
bgMegaman,2112,928,96,32,32,32,0,1,1,4282400832
bgMegaman,2112,960,96,32,32,32,0,1,1,4282400832
bgMegaman,2144,960,96,32,32,32,0,1,1,4282400832
bgMegaman,2144,928,96,32,32,32,0,1,1,4282400832
bgMegaman,2176,960,96,32,32,32,0,1,1,4282400832
bgMegaman,2176,928,96,32,32,32,0,1,1,4282400832
bgMegaman,2208,928,96,32,32,32,0,1,1,4282400832
bgMegaman,2208,960,96,32,32,32,0,1,1,4282400832
bgMegaman,2240,960,96,32,32,32,0,1,1,4282400832
bgMegaman,2240,928,96,32,32,32,0,1,1,4282400832
bgMegaman,2272,960,96,32,32,32,0,1,1,4282400832
bgMegaman,2272,928,96,32,32,32,0,1,1,4282400832
bgMegaman,2304,928,96,32,32,32,0,1,1,4282400832
bgMegaman,2304,960,96,32,32,32,0,1,1,4282400832
bgMegaman,2336,928,96,32,32,32,0,1,1,4282400832
bgMegaman,2336,960,96,32,32,32,0,1,1,4282400832
bgMegaman,2336,864,96,32,32,32,0,1,1,4282400832
bgMegaman,2336,896,96,32,32,32,0,1,1,4282400832
bgMegaman,2336,800,96,32,32,32,0,1,1,4282400832
bgMegaman,2336,832,96,32,32,32,0,1,1,4282400832
bgMegaman,2336,736,96,32,32,32,0,1,1,4282400832
bgMegaman,2336,768,96,32,32,32,0,1,1,4282400832
bgMegaman,2336,704,96,32,32,32,0,1,1,4282400832
bgMegaman,2336,736,96,32,32,32,0,1,1,4282400832
bgMegaman,2336,640,96,32,32,32,0,1,1,4282400832
bgMegaman,2336,672,96,32,32,32,0,1,1,4282400832
bgMegaman,1632,672,96,32,32,32,0,1,1,4282400832
bgMegaman,1632,704,96,32,32,32,0,1,1,4282400832
bgMegaman,1664,672,96,32,32,32,0,1,1,4282400832
bgMegaman,1664,704,96,32,32,32,0,1,1,4282400832
bgMegaman,1632,800,96,32,32,32,0,1,1,4282400832
bgMegaman,1632,768,96,32,32,32,0,1,1,4282400832
bgMegaman,1632,736,96,32,32,32,0,1,1,4282400832
bgMegaman,1632,832,96,32,32,32,0,1,1,4282400832
bgMegaman,1664,832,96,32,32,32,0,1,1,4282400832
bgMegaman,1664,800,96,32,32,32,0,1,1,4282400832
bgMegaman,1664,768,96,32,32,32,0,1,1,4282400832
bgMegaman,1664,736,96,32,32,32,0,1,1,4282400832
bgMegaman,1632,864,96,32,32,32,0,1,1,4282400832
bgMegaman,1664,864,96,32,32,32,0,1,1,4282400832
bgMegaman,1664,896,96,32,32,32,0,1,1,4282400832
bgMegaman,1632,896,96,32,32,32,0,1,1,4282400832
bgMegaman,1632,992,96,32,32,32,0,1,1,4282400832
bgMegaman,1632,960,96,32,32,32,0,1,1,4282400832
bgMegaman,1632,928,96,32,32,32,0,1,1,4282400832
bgMegaman,1664,992,96,32,32,32,0,1,1,4282400832
bgMegaman,1664,960,96,32,32,32,0,1,1,4282400832
bgMegaman,1664,928,96,32,32,32,0,1,1,4282400832
bgMegaman,2016,992,96,32,32,32,0,1,1,4282400832
bgMegaman,2048,992,96,32,32,32,0,1,1,4282400832
bgMegaman,2080,992,96,32,32,32,0,1,1,4282400832
bgMegaman,2112,992,96,32,32,32,0,1,1,4282400832
bgMegaman,2144,992,96,32,32,32,0,1,1,4282400832
bgMegaman,2176,992,96,32,32,32,0,1,1,4282400832
bgMegaman,2208,992,96,32,32,32,0,1,1,4282400832
bgMegaman,2240,992,96,32,32,32,0,1,1,4282400832
bgMegaman,2272,992,96,32,32,32,0,1,1,4282400832
bgMegaman,2304,992,96,32,32,32,0,1,1,4282400832
bgMegaman,2336,992,96,32,32,32,0,1,1,4282400832
bgMegaman,1632,640,96,32,32,32,0,1,1,4282400832
bgMegaman,1664,640,96,32,32,32,0,1,1,4282400832
bgMegaman,1696,640,96,32,32,32,0,1,1,4282400832
bgMegaman,1728,640,96,32,32,32,0,1,1,4282400832
bgMegaman,1760,640,96,32,32,32,0,1,1,4282400832
bgMegaman,1792,640,96,32,32,32,0,1,1,4282400832
bgMegaman,1824,640,96,32,32,32,0,1,1,4282400832
bgMegaman,1856,640,96,32,32,32,0,1,1,4282400832
bgMegaman,1888,640,96,32,32,32,0,1,1,4282400832
bgMegaman,1920,640,96,32,32,32,0,1,1,4282400832
bgMegaman,1952,640,96,32,32,32,0,1,1,4282400832
bgMegaman,1984,640,96,32,32,32,0,1,1,4282400832
bgMegaman,2016,640,96,32,32,32,0,1,1,4282400832
bgMegaman,2048,640,96,32,32,32,0,1,1,4282400832
bgMegaman,2080,640,96,32,32,32,0,1,1,4282400832
bgMegaman,2112,640,96,32,32,32,0,1,1,4282400832
bgMegaman,2144,640,96,32,32,32,0,1,1,4282400832
bgMegaman,2176,640,96,32,32,32,0,1,1,4282400832
bgMegaman,2272,640,96,32,32,32,0,1,1,4282400832
bgMegaman,2304,640,96,32,32,32,0,1,1,4282400832
bgMegaman,2304,576,96,32,32,32,0,1,1,4282400832
bgMegaman,2336,576,96,32,32,32,0,1,1,4282400832
bgMegaman,2336,608,96,32,32,32,0,1,1,4282400832
bgMegaman,2304,608,96,32,32,32,0,1,1,4282400832
bgMegaman,2304,544,96,32,32,32,0,1,1,4282400832
bgMegaman,2304,512,96,32,32,32,0,1,1,4282400832
bgMegaman,2272,512,96,32,32,32,0,1,1,4282400832
bgMegaman,2112,608,96,32,32,32,0,1,1,4282400832
bgMegaman,2112,576,96,32,32,32,0,1,1,4282400832
bgMegaman,2112,544,96,32,32,32,0,1,1,4282400832
bgMegaman,2112,512,96,32,32,32,0,1,1,4282400832
bgMegaman,2144,512,96,32,32,32,0,1,1,4282400832
bgMegaman,2176,512,96,32,32,32,0,1,1,4282400832
bgMegaman,1632,608,96,32,32,32,0,1,1,4282400832
bgMegaman,1664,608,96,32,32,32,0,1,1,4282400832
bgMegaman,1696,608,96,32,32,32,0,1,1,4282400832
bgMegaman,1728,608,96,32,32,32,0,1,1,4282400832
bgMegaman,1760,608,96,32,32,32,0,1,1,4282400832
bgMegaman,1792,608,96,32,32,32,0,1,1,4282400832
bgMegaman,1824,608,96,32,32,32,0,1,1,4282400832
bgMegaman,1856,608,96,32,32,32,0,1,1,4282400832
bgMegaman,1888,608,96,32,32,32,0,1,1,4282400832
bgMegaman,1920,608,96,32,32,32,0,1,1,4282400832
bgMegaman,1952,608,96,32,32,32,0,1,1,4282400832
bgMegaman,1984,608,96,32,32,32,0,1,1,4282400832
bgMegaman,2016,608,96,32,32,32,0,1,1,4282400832
bgMegaman,2048,608,96,32,32,32,0,1,1,4282400832
bgMegaman,2080,608,96,32,32,32,0,1,1,4282400832
bgMegaman,1632,576,96,32,32,32,0,1,1,4282400832
bgMegaman,1664,576,96,32,32,32,0,1,1,4282400832
bgMegaman,1696,576,96,32,32,32,0,1,1,4282400832
bgMegaman,1728,576,96,32,32,32,0,1,1,4282400832
bgMegaman,1760,576,96,32,32,32,0,1,1,4282400832
bgMegaman,1792,576,96,32,32,32,0,1,1,4282400832
bgMegaman,1824,576,96,32,32,32,0,1,1,4282400832
bgMegaman,1856,576,96,32,32,32,0,1,1,4282400832
bgMegaman,1888,576,96,32,32,32,0,1,1,4282400832
bgMegaman,1920,576,96,32,32,32,0,1,1,4282400832
bgMegaman,1952,576,96,32,32,32,0,1,1,4282400832
bgMegaman,1984,576,96,32,32,32,0,1,1,4282400832
bgMegaman,2016,576,96,32,32,32,0,1,1,4282400832
bgMegaman,2048,576,96,32,32,32,0,1,1,4282400832
bgMegaman,2080,576,96,32,32,32,0,1,1,4282400832
bgMegaman,2016,864,96,32,32,32,0,1,1,4282400832
bgMegaman,2048,864,96,32,32,32,0,1,1,4282400832
bgMegaman,2048,896,96,32,32,32,0,1,1,4282400832
bgMegaman,2016,896,96,32,32,32,0,1,1,4282400832
tile_rorforest,1952,832,288,448,64,32,0,1,1,4294967295
