LadderSide,32,-128,A9D129D5,0,1,1,4294967295,0,1
LadderSide,64,-128,E987B54C,0,1,1,4294967295,0,1
LadderSide,96,-128,CE1F9BD8,0,1,1,4294967295,0,1
LadderSide,128,-128,A108C954,0,1,1,4294967295,0,1
LadderSide,160,-128,861460E0,0,1,1,4294967295,0,1
LadderSide,192,-128,EB091798,0,1,1,4294967295,0,1
LadderSide,224,-128,E553CD1A,0,1,1,4294967295,0,1
LadderSide,256,-128,77A5916B,0,1,1,4294967295,0,1
LadderSide,288,-128,BE452F02,0,1,1,4294967295,0,1
LadderSide,320,-128,F1DCC356,0,1,1,4294967295,0,1
LadderSide,320,-96,301D3C3B,0,1,1,4294967295,0,1
LadderSide,288,-96,A561A041,0,1,1,4294967295,0,1
LadderSide,256,-96,1ED9A5B0,0,1,1,4294967295,0,1
LadderSide,224,-96,72E47C0E,0,1,1,4294967295,0,1
LadderSide,160,-96,6966C959,0,1,1,4294967295,0,1
LadderSide,128,-96,1C8E27B4,0,1,1,4294967295,0,1
LadderSide,96,-96,C2245A5A,0,1,1,4294967295,0,1
LadderSide,64,-96,9E4A8939,0,1,1,4294967295,0,1
LadderSide,32,-96,B924AE5C,0,1,1,4294967295,0,1
LadderSide,192,-96,C2A3FB80,0,1,1,4294967295,0,1
SpikeU,64,-96,45159389,0,1,1,4294967295,0,0
SpikeD,112,-128,8C8DD461,0,1,1,4294967295,0,0
SpikeL,192,-128,861B2166,0,1,1,4294967295,0,0
SpikeL,256,-96,756EB475,0,1,1,4294967295,0,0
SpikeLB,288,-96,B49B0FAE,0,1,1,4294967295,0,0
SpikeD,208,-128,38300B10,0,1,1,4294967295,0,0
Block,0,32,003F7A19,0,1,17,4294967295,0,0
Block,0,576,001A25E1,0,25,1,4294967295,0,0
Block,768,32,00401B8D,0,1,17,4294967295,0,0
Block,0,0,00256BF1,0,25,1,4294967295,0,0
Block,32,-64,D699C331,0,10,1,4294967295,0,0
Block,32,-160,DB027C61,0,10,1,4294967295,0,0
MusicPlayer,32,32,003C2ED2,0,1,1,4294967295,0,1
SolidSprite,256,96,78DA4D11,0,5,5,4294967295,0,1
Cherry,704,544,86634A3A,0,1,1,4294967295,0,0
DepthRainbow,224,352,3AE06304,0,1,1,4294967295,0,1
TextDraw,272,64,77EAB86F,0,1,1,4294967295,0,1
PlayerStart,64,544,96BD2CE7,0,1,1,4294967295,0,0
PatBall,64,192,9442315D,0,1,1,4294967295,0,1
PatBall,96,192,03338A5D,0,1,1,4294967295,0,1
PatBall,128,192,FE1E7AA4,0,1,1,4294967295,0,1
PatBall,160,192,A934D395,0,1,1,4294967295,0,1
PatBall,192,192,508B3A3E,0,1,1,4294967295,0,1
PatBall,224,192,E911DDD6,0,1,1,4294967295,0,1
PatBall,608,192,E65E566A,0,1,1,4294967295,0,1
PatBall,640,192,21F06440,0,1,1,4294967295,0,1
PatBall,672,192,94156680,0,1,1,4294967295,0,1
PatBall,704,192,5643EED3,0,1,1,4294967295,0,1
PatBall,736,192,95CAC513,0,1,1,4294967295,0,1
DepthShaderReset,192,352,A8F21757,0,1,1,4294967295,0,1
