tile_IWBTG,51,67,96,96,128,64,0,1,1,2516582400
tile_IWBTG,66,0,161,650,11,33,0,1,1,2516582400
tile_IWBTG,154,0,161,650,11,33,0,1,1,2516582400
tile_IWBTG,66,32,161,650,11,33,0,1,1,2516582400
tile_IWBTG,154,32,161,650,11,33,0,1,1,2516582400
tile_ror,704,48,1632,224,32,32,0,1,1,4294967295
tile_ror,704,80,1632,256,32,32,0,1,1,4294967295
tile_ror,704,112,1632,288,32,32,0,1,1,4294967295
tile_ror,704,144,1632,320,32,32,0,1,1,4294967295
tile_ror,704,176,1632,320,32,32,0,1,1,4294967295
tile_ror,704,208,1632,320,32,32,0,1,1,4294967295
tile_ror,704,240,1632,320,32,32,0,1,1,4294967295
tile_ror,704,272,1632,320,32,32,0,1,1,4294967295
tile_ror,704,304,1632,352,32,32,0,1,1,4294967295
