SpikeU,160,96,47E9E47A,0,1,1,4294967295,0,0
SpikeD,160,32,C3DF0941,0,1,1,4294967295,0,0
SpikeU,-128,496,333A521B,0,1,1,4294967295,0,0
SpikeR,-128,464,1E0B0638,0,1,1,4294967295,0,0
SpikeD,-96,464,E556CDA5,0,1,1,4294967295,0,0
SpikeL,-96,496,06A0F6A8,0,1,1,4294967295,0,0
MiniSpikeDown,-48,464,F36CD356,0,1,1,4294967295,0,0
MiniSpikeRight,-64,464,91F60455,0,1,1,4294967295,0,0
MiniSpikeLeft,-48,480,4860B4B0,0,1,1,4294967295,0,0
MiniSpikeUp,-64,480,F217F65A,0,1,1,4294967295,0,0
SpikeTR,-128,432,9FEA05E7,0,1,1,4294967295,0,0
SpikeLT,-96,432,F871F06F,0,1,1,4294967295,0,0
SpikeLB,-96,400,A16F0ECB,0,1,1,4294967295,0,0
SpikeBR,-128,400,BFA30D96,0,1,1,4294967295,0,0
sprKiller,-160,432,2F77B8DF,0,1,1,4294967295,0,0
SpikeD,480,319,2C1868D7,0,1,1,4294967295,0,0
SpikeR,544,224,DB0A2252,0,1,1,4294967295,0,0
SpikeL,576,288,FF56CD5C,0,1,1,4294967295,0,0
SpikeL,576,160,F956B5D0,0,1,1,4294967295,0,0
SpikeR,416,352,CD7A8CB0,0,1,1,4294967295,0,0
SpikeR,384,128,184647B6,0,1,1,4294967295,0,0
sprKiller,640,472,2A58E833,0,2.5,1,4294967295,0,1
sprKiller,784,472,292CF11F,0,2.5,1,4294967295,0,1
SpikeD,704,472,4A0317AB,0,1,1,4294967295,0,1
SpikeD,768,472,AE4792D9,0,1,1,4294967295,0,1
sprKiller,432,576,809B9A6F,0,5.5,1,4294967295,0,0
SpikeD,736,448,2F3FF659,0,1,1,4294967295,0,1
SpikeLT,704,224,82A345EC,0,1,1,4294967295,0,0
SpikeLT,640,288,F0037F0B,0,1,1,4294967295,0,0
SpikeLT,672,256,49ABCF66,0,1,1,4294967295,0,0
SpikeBR,640,224,C040ECA4,0,1,1,4294967295,0,0
SpikeTall,-64,432,4EA325EE,0,1,1,4294967295,0,0
SpikeTall,480,160,8847E8D8,0,1,5,4294967295,0,0
SpikeTall,400,416,7593A9C9,0,1,6,4294967295,0,0
SpikeTall,768,32,EFD410E1,0,1,3,4294967295,0,0
Autotiler,64,32,E883BB22,0,1,1,4294967295,0,1
Block,0,224,003F7A19,0,1,11,4294967295,0,0
Block,0,576,001A25E1,0,13,1,4294967295,0,0
Block,768,128,00401B8D,0,1,12,4294967295,0,0
Block,0,0,00256BF1,0,25,1,4294967295,0,0
Block,32,512,8634A7D2,0,7,2,4294967295,0,0
Block,96,384,F625A5F0,0,3,1,4294967295,0,0
Block,224,256,76D6C45E,0,1,6,4294967295,0,0
Block,32,224,0E4D24C3,0,7,1,4294967295,0,0
Block,384,352,90AD8F27,0,1,6,4294967295,0,0
Block,256,544,67ED1E1D,0,5,1,4294967295,0,0
Block,320,160,1924A53B,0,1,6,4294967295,0,0
Block,352,320,780E360E,0,2,1,4294967295,0,0
Block,96,128,E51FF56E,0,9,1,4294967295,0,0
Block,0,32,45633A7A,0,1,6,4294967295,0,0
Block,480,32,1781A1BF,0,1,4,4294967295,0,0
Block,416,384,3E1DC091,0,6,1,4294967295,0,0
Block,608,160,928B2DFF,0,1,11,4294967295,0,0
Block,512,96,3ED50FFD,0,1,8,4294967295,0,0
Block,640,192,8AF7A616,0,3,1,4294967295,0,0
Block,672,96,5EAE0047,0,1,2,4294967295,0,0
Block,704,320,4D2BF4FE,0,2,1,4294967295,0,0
Block,480,480,A4F2EDA9,0,4,1,4294967295,0,0
Block,608,576,F4F05059,0,14,1,4294967295,0,0
Block,800,416,DE9E872A,0,3,3,4294967295,0,0
Block,800,0,6603C39A,0,1,13,4294967295,0,0
Block,576,32,94CD8F49,0,1,2,4294967295,0,0
Block,704,128,B03E7E06,0,1,2,4294967295,0,0
Block,544,416,B2F1AD65,0,2,2,4294967295,0,0
Block,768,544,2F29808E,0,2,1,4294967295,0,0
Signpost,68,365,571BD84C,0,1,1,4294967295,30,1
Signpost,192,480,25330A47,0,1,1,4294967295,0,1
MusicPlayer,32,32,003C2ED2,0,1,1,4294967295,0,1
PortalGunEnable,96,352,ED3AA872,0,1,1,4294967295,0,0
Platform,256,336,B0B7BCDE,0,2,1,4294967295,0,0
SavePointHard,128,480,78B77768,0,1,1,4294967295,0,0
SavePointStandMedium,272,304,E16E4480,0,1,1,4294967295,0,0
Cherry,176,80,524E7A81,0,1,1,4294967295,0,0
Cherry,208,208,B195BC0F,0,1,1,4294967295,0,0
Cherry,208,176,5AC022B6,0,1,1,4294967295,0,0
Cherry,-48,512,7BF13F00,0,1,1,4294967295,0,0
BulletBlock,-160,464,88025709,0,1,1,4294967295,0,0
SavePointHard,-160,496,2D20CD2B,0,1,1,4294967295,0,0
Platform,416,192,A72C1CD2,0,2,1,4294967295,0,0
Cherry,400,176,95B3A68C,0,1,1,4294967295,0,0
Platform,352,224,567C5509,0,2,1,4294967295,0,0
Platform,416,272,AA0A04D2,0,2,1,4294967295,0,0
Cherry,400,256,AB3F9BA7,0,1,1,4294967295,0,0
Cherry,496,368,BD04A058,0,1,1,4294967295,0,0
GuySpikeWall,544,160,4572CA3B,0,1,1,4294967295,0,1
SavePointHard,672,160,CD904ADC,0,1,1,4294967295,0,0
Cherry,528,368,0D350EFB,0,1,1,4294967295,0,0
Platform,736,432,CC162DAA,0,1,1,4294967295,0,1
Platform,736,592,B5098570,0,1,1,4294967295,0,1
KeyBlockWhite,768,512,5F2ACAB9,0,1,1,4294967295,0,0
KeyWhite,496,448,042FD074,0,1,1,4294967295,0,0
Platform,528,80,C5A4B9B1,0,1,1,4294967295,0,1
CherryNoInput,688,80,B4B433CD,0,1,1,4294967295,0,0
CherryNoInput,688,48,6E439087,0,1,1,4294967295,0,0
Cherry,240,464,CDFEE0E5,0,1,1,4294967295,0,0
Cherry,240,496,DFB0CB4E,0,1,1,4294967295,0,0
Platform,544,144,A1DA7D99,0,3,1,4294967295,0,0
SavePointHard,928,544,72B4751D,0,1,1,4294967295,0,0
PlayerStart,64,480,96BD2CE7,0,1,1,4294967295,0,0
