tile_portal32,656,288,48,0,16,32,0,0,0,0
tile_portal32,656,320,80,0,16,32,0,1,1,4294967295
tile_portal32,640,320,96,0,16,32,0,1,1,4294967295
tile_portal32,640,288,192,0,16,32,0,1,1,4294967295
tile_portal32,656,288,48,0,16,32,0,1,1,4294967295
tile_portal32,896,544,32,32,32,32,0,1,1,4294967295
tile_portal32,928,544,32,32,32,32,0,1,1,4294967295
tile_portal32,960,544,32,32,32,32,0,1,1,4294967295
tile_portal32,992,544,32,32,32,32,0,1,1,4294967295
tile_portal32,1568,544,32,32,32,32,0,1,1,4294967295
tile_portal32,2048,544,32,32,32,32,0,1,1,4294967295
tile_portal32,2080,544,32,32,32,32,0,1,1,4294967295
tile_portal32,2112,544,32,32,32,32,0,1,1,4294967295
tile_portal32,2144,544,32,32,32,32,0,1,1,4294967295
tile_portal32,2240,544,32,32,32,32,0,1,1,4294967295
tile_portal32,2272,544,32,32,32,32,0,1,1,4294967295
tile_portal32,2304,544,32,32,32,32,0,1,1,4294967295
tile_portal32,2336,544,32,32,32,32,0,1,1,4294967295
tile_portal32,2368,544,32,32,32,32,0,1,1,4294967295
tile_portal32,192,512,128,64,32,32,0,1,1,4294967295
tile_portal32,160,512,128,64,32,32,0,1,1,4294967295
tile_portal32,128,512,128,64,32,32,0,1,1,4294967295
tile_portal32,96,512,128,64,32,32,0,1,1,4294967295
tile_portal32,128,576,32,32,32,32,0,1,1,4294967295
tile_portal32,96,576,32,32,32,32,0,1,1,4294967295
tile_portal32,64,576,32,32,32,32,0,1,1,4294967295
tile_portal32,32,576,32,32,32,32,0,1,1,4294967295
tile_portal32,128,544,192,0,32,32,0,1,1,4294967295
tile_portal32,96,544,192,0,32,32,0,1,1,4294967295
tile_portal32,64,544,128,0,32,32,0,1,1,4294967295
tile_portal32,64,512,192,0,32,32,0,1,1,4294967295
tile_portal32,64,480,160,0,32,32,0,1,1,4294967295
tile_portal32,64,448,192,0,32,32,0,1,1,4294967295
tile_portal32,448,384,96,0,32,32,0,1,1,4294967295
tile_portal32,448,352,128,0,32,32,0,1,1,4294967295
tile_portal32,448,320,192,0,32,32,0,1,1,4294967295
tile_portal32,576,352,128,64,32,32,0,1,1,4294967295
tile_portal32,608,352,128,64,32,32,0,1,1,4294967295
tile_portal32,640,352,128,64,32,32,0,1,1,4294967295
tile_portal32,672,352,128,64,32,32,0,1,1,4294967295
tile_portal32,544,192,128,64,32,32,0,1,1,4294967295
tile_portal32,576,192,128,64,32,32,0,1,1,4294967295
tile_portal32,640,224,0,32,32,32,0,1,1,4294967295
tile_portal32,608,224,0,32,32,32,0,1,1,4294967295
tile_portal32,576,224,0,32,32,32,0,1,1,4294967295
tile_portal32,704,160,96,0,32,32,0,1,1,4294967295
tile_portal32,704,128,128,0,32,32,0,1,1,4294967295
tile_portal32,704,96,192,0,32,32,0,1,1,4294967295
tile_portal32,704,64,96,0,32,32,0,1,1,4294967295
tile_portal32,704,32,128,0,32,32,0,1,1,4294967295
tile_portal32,864,96,128,64,32,32,0,1,1,4294967295
tile_portal32,896,96,192,0,32,32,0,1,1,4294967295
tile_portal32,896,128,160,0,32,32,0,1,1,4294967295
tile_portal32,896,160,0,32,32,32,0,1,1,4294967295
tile_portal32,896,192,192,0,32,32,0,1,1,4294967295
tile_portal32,896,224,128,0,32,32,0,1,1,4294967295
tile_portal32,896,256,160,0,32,32,0,1,1,4294967295
tile_portal32,896,288,0,32,32,32,0,1,1,4294967295
tile_portal32,1024,32,192,0,32,32,0,1,1,4294967295
tile_portal32,1024,64,160,0,32,32,0,1,1,4294967295
tile_portal32,1024,96,128,0,32,32,0,1,1,4294967295
tile_portal32,1024,128,128,0,32,32,0,1,1,4294967295
tile_portal32,1024,160,96,0,32,32,0,1,1,4294967295
tile_portal32,1024,192,192,0,32,32,0,1,1,4294967295
tile_portal32,1024,224,128,0,32,32,0,1,1,4294967295
tile_portal32,1024,256,128,0,32,32,0,1,1,4294967295
tile_portal32,1024,288,96,0,32,32,0,1,1,4294967295
tile_portal32,896,384,192,0,32,32,0,1,1,4294967295
tile_portal32,896,416,128,0,32,32,0,1,1,4294967295
tile_portal32,896,448,128,0,32,32,0,1,1,4294967295
tile_portal32,896,480,128,0,32,32,0,1,1,4294967295
tile_portal32,896,512,160,0,32,32,0,1,1,4294967295
tile_portal32,1088,192,192,0,32,32,0,1,1,4294967295
tile_portal32,1088,224,128,0,32,32,0,1,1,4294967295
tile_portal32,1088,256,128,0,32,32,0,1,1,4294967295
tile_portal32,1088,288,128,0,32,32,0,1,1,4294967295
tile_portal32,1088,320,128,0,32,32,0,1,1,4294967295
tile_portal32,1088,352,128,0,32,32,0,1,1,4294967295
tile_portal32,1088,384,96,0,32,32,0,1,1,4294967295
tile_portal32,1184,128,192,0,32,32,0,1,1,4294967295
tile_portal32,1248,128,192,0,32,32,0,1,1,4294967295
tile_portal32,1184,160,128,0,32,32,0,1,1,4294967295
tile_portal32,1184,192,128,0,32,32,0,1,1,4294967295
tile_portal32,1184,224,128,0,32,32,0,1,1,4294967295
tile_portal32,1184,256,128,0,32,32,0,1,1,4294967295
tile_portal32,1184,288,128,0,32,32,0,1,1,4294967295
tile_portal32,1184,320,128,0,32,32,0,1,1,4294967295
tile_portal32,1184,352,128,0,32,32,0,1,1,4294967295
tile_portal32,1184,384,128,0,32,32,0,1,1,4294967295
tile_portal32,1184,416,128,0,32,32,0,1,1,4294967295
tile_portal32,1184,448,128,0,32,32,0,1,1,4294967295
tile_portal32,1184,512,96,0,32,32,0,1,1,4294967295
tile_portal32,1184,480,128,0,32,32,0,1,1,4294967295
tile_portal32,1248,160,128,0,32,32,0,1,1,4294967295
tile_portal32,1248,192,128,0,32,32,0,1,1,4294967295
tile_portal32,1248,224,128,0,32,32,0,1,1,4294967295
tile_portal32,1248,256,128,0,32,32,0,1,1,4294967295
tile_portal32,1248,288,128,0,32,32,0,1,1,4294967295
tile_portal32,1248,320,128,0,32,32,0,1,1,4294967295
tile_portal32,1248,352,128,0,32,32,0,1,1,4294967295
tile_portal32,1248,384,128,0,32,32,0,1,1,4294967295
tile_portal32,1248,416,128,0,32,32,0,1,1,4294967295
tile_portal32,1248,448,128,0,32,32,0,1,1,4294967295
tile_portal32,1248,480,128,0,32,32,0,1,1,4294967295
tile_portal32,1248,512,96,0,32,32,0,1,1,4294967295
tile_portal32,1376,32,192,0,32,32,0,1,1,4294967295
tile_portal32,1376,64,128,0,32,32,0,1,1,4294967295
tile_portal32,1376,96,128,0,32,32,0,1,1,4294967295
tile_portal32,1376,128,128,0,32,32,0,1,1,4294967295
tile_portal32,1376,160,128,0,32,32,0,1,1,4294967295
tile_portal32,1376,192,96,0,32,32,0,1,1,4294967295
tile_portal32,1568,192,192,0,32,32,0,1,1,4294967295
tile_portal32,1568,224,128,0,32,32,0,1,1,4294967295
tile_portal32,1568,256,128,0,32,32,0,1,1,4294967295
tile_portal32,1568,288,128,0,32,32,0,1,1,4294967295
tile_portal32,1568,320,128,0,32,32,0,1,1,4294967295
tile_portal32,1568,352,128,0,32,32,0,1,1,4294967295
tile_portal32,1568,480,128,0,32,32,0,1,1,4294967295
tile_portal32,1568,384,128,0,32,32,0,1,1,4294967295
tile_portal32,1568,416,128,0,32,32,0,1,1,4294967295
tile_portal32,1568,448,128,0,32,32,0,1,1,4294967295
tile_portal32,1568,512,128,0,32,32,0,1,1,4294967295
tile_portal32,1696,32,128,64,32,32,0,1,1,4294967295
tile_portal32,1696,64,128,64,32,32,0,1,1,4294967295
tile_portal32,1696,96,128,64,32,32,0,1,1,4294967295
tile_portal32,1696,128,128,64,32,32,0,1,1,4294967295
tile_portal32,1696,160,128,64,32,32,0,1,1,4294967295
tile_portal32,1696,192,128,64,32,32,0,1,1,4294967295
tile_portal32,1696,224,128,64,32,32,0,1,1,4294967295
tile_portal32,1696,256,128,64,32,32,0,1,1,4294967295
tile_portal32,2048,32,128,64,32,32,0,1,1,4294967295
tile_portal32,2048,64,128,64,32,32,0,1,1,4294967295
tile_portal32,2048,96,128,64,32,32,0,1,1,4294967295
tile_portal32,2048,128,128,64,32,32,0,1,1,4294967295
tile_portal32,2048,160,128,64,32,32,0,1,1,4294967295
tile_portal32,2048,192,128,64,32,32,0,1,1,4294967295
tile_portal32,2048,224,128,64,32,32,0,1,1,4294967295
tile_portal32,2048,352,128,64,32,32,0,1,1,4294967295
tile_portal32,2048,384,128,64,32,32,0,1,1,4294967295
tile_portal32,2048,416,128,64,32,32,0,1,1,4294967295
tile_portal32,2048,448,128,64,32,32,0,1,1,4294967295
tile_portal32,2048,480,128,64,32,32,0,1,1,4294967295
tile_portal32,2048,512,128,64,32,32,0,1,1,4294967295
tile_portal32,2080,512,128,64,32,32,0,1,1,4294967295
tile_portal32,2112,512,128,64,32,32,0,1,1,4294967295
tile_portal32,2144,512,128,64,32,32,0,1,1,4294967295
tile_portal32,2144,480,128,64,32,32,0,1,1,4294967295
tile_portal32,2144,448,128,64,32,32,0,1,1,4294967295
tile_portal32,2144,416,128,64,32,32,0,1,1,4294967295
tile_portal32,2144,384,128,64,32,32,0,1,1,4294967295
tile_portal32,2144,352,128,64,32,32,0,1,1,4294967295
tile_portal32,2112,352,128,64,32,32,0,1,1,4294967295
tile_portal32,2080,352,128,64,32,32,0,1,1,4294967295
tile_portal32,2080,384,128,64,32,32,0,1,1,4294967295
tile_portal32,2080,416,128,64,32,32,0,1,1,4294967295
tile_portal32,2080,448,128,64,32,32,0,1,1,4294967295
tile_portal32,2080,480,128,64,32,32,0,1,1,4294967295
tile_portal32,2112,480,128,64,32,32,0,1,1,4294967295
tile_portal32,2112,448,128,64,32,32,0,1,1,4294967295
tile_portal32,2112,416,128,64,32,32,0,1,1,4294967295
tile_portal32,2112,384,128,64,32,32,0,1,1,4294967295
tile_portal32,2080,192,128,64,32,32,0,1,1,4294967295
tile_portal32,2080,224,128,64,32,32,0,1,1,4294967295
tile_portal32,2112,224,128,64,32,32,0,1,1,4294967295
tile_portal32,2144,224,128,64,32,32,0,1,1,4294967295
tile_portal32,2144,192,128,64,32,32,0,1,1,4294967295
tile_portal32,2112,192,128,64,32,32,0,1,1,4294967295
tile_portal32,2272,128,128,64,32,32,0,1,1,4294967295
tile_portal32,2304,128,128,64,32,32,0,1,1,4294967295
tile_portal32,2336,128,128,64,32,32,0,1,1,4294967295
tile_portal32,2304,160,128,64,32,32,0,1,1,4294967295
tile_portal32,2336,160,128,64,32,32,0,1,1,4294967295
tile_portal32,2240,256,128,64,32,32,0,1,1,4294967295
tile_portal32,2240,288,128,64,32,32,0,1,1,4294967295
tile_portal32,2240,320,128,64,32,32,0,1,1,4294967295
tile_portal32,2272,320,128,64,32,32,0,1,1,4294967295
tile_portal32,2304,320,128,64,32,32,0,1,1,4294967295
tile_portal32,2336,320,128,64,32,32,0,1,1,4294967295
tile_portal32,2336,288,128,64,32,32,0,1,1,4294967295
tile_portal32,2368,288,128,64,32,32,0,1,1,4294967295
tile_portal32,2368,256,128,64,32,32,0,1,1,4294967295
tile_portal32,2336,256,128,64,32,32,0,1,1,4294967295
tile_portal32,2304,256,128,64,32,32,0,1,1,4294967295
tile_portal32,2272,256,128,64,32,32,0,1,1,4294967295
tile_portal32,2272,288,128,64,32,32,0,1,1,4294967295
tile_portal32,2304,288,128,64,32,32,0,1,1,4294967295
tile_portal32,2368,320,128,64,32,32,0,1,1,4294967295
tile_portal32,2176,416,128,64,32,32,0,1,1,4294967295
tile_portal32,2176,448,128,64,32,32,0,1,1,4294967295
tile_portal32,2208,448,128,64,32,32,0,1,1,4294967295
tile_portal32,2240,448,128,64,32,32,0,1,1,4294967295
tile_portal32,2240,416,128,64,32,32,0,1,1,4294967295
tile_portal32,2208,416,128,64,32,32,0,1,1,4294967295
tile_portal32,2272,416,128,64,32,32,0,1,1,4294967295
tile_portal32,2272,448,128,64,32,32,0,1,1,4294967295
tile_portal32,2240,512,128,64,32,32,0,1,1,4294967295
tile_portal32,2272,512,128,64,32,32,0,1,1,4294967295
tile_portal32,2304,512,128,64,32,32,0,1,1,4294967295
tile_portal32,2336,512,128,64,32,32,0,1,1,4294967295
tile_portal32,2368,512,128,64,32,32,0,1,1,4294967295
tile_portal32,2368,480,96,0,32,32,0,1,1,4294967295
tile_portal32,2368,448,128,0,32,32,0,1,1,4294967295
tile_portal32,2368,416,128,0,32,32,0,1,1,4294967295
tile_portal32,2368,384,128,0,32,32,0,1,1,4294967295
tile_portal32,2368,352,192,0,32,32,0,1,1,4294967295
tile_portal32,2368,32,192,0,32,32,0,1,1,4294967295
tile_portal32,2368,64,128,0,32,32,0,1,1,4294967295
tile_portal32,2368,96,128,0,32,32,0,1,1,4294967295
tile_portal32,2368,128,128,0,32,32,0,1,1,4294967295
tile_portal32,2368,160,128,0,32,32,0,1,1,4294967295
tile_portal32,2368,192,128,0,32,32,0,1,1,4294967295
tile_portal32,2368,224,160,0,32,32,0,1,1,4294967295
tile_portal32,0,0,0,128,32,32,0,1,1,4294967295
tile_portal32,32,0,0,128,32,32,0,1,1,4294967295
tile_portal32,64,0,0,128,32,32,0,1,1,4294967295
tile_portal32,96,0,0,128,32,32,0,1,1,4294967295
tile_portal32,128,0,0,128,32,32,0,1,1,4294967295
tile_portal32,160,0,0,128,32,32,0,1,1,4294967295
tile_portal32,192,0,0,128,32,32,0,1,1,4294967295
tile_portal32,224,0,0,128,32,32,0,1,1,4294967295
tile_portal32,256,0,0,128,32,32,0,1,1,4294967295
tile_portal32,288,0,0,128,32,32,0,1,1,4294967295
tile_portal32,320,0,0,128,32,32,0,1,1,4294967295
tile_portal32,352,0,0,128,32,32,0,1,1,4294967295
tile_portal32,384,0,0,128,32,32,0,1,1,4294967295
tile_portal32,416,0,0,128,32,32,0,1,1,4294967295
tile_portal32,480,0,0,128,32,32,0,1,1,4294967295
tile_portal32,512,0,0,128,32,32,0,1,1,4294967295
tile_portal32,544,0,0,128,32,32,0,1,1,4294967295
tile_portal32,576,0,0,128,32,32,0,1,1,4294967295
tile_portal32,608,0,0,128,32,32,0,1,1,4294967295
tile_portal32,640,0,0,128,32,32,0,1,1,4294967295
tile_portal32,448,0,0,128,32,32,0,1,1,4294967295
tile_portal32,672,0,0,128,32,32,0,1,1,4294967295
tile_portal32,704,0,0,128,32,32,0,1,1,4294967295
tile_portal32,736,0,0,128,32,32,0,1,1,4294967295
tile_portal32,768,0,192,128,32,32,0,1,1,4294967295
tile_portal32,800,0,192,128,32,32,0,1,1,4294967295
tile_portal32,832,0,192,128,32,32,0,1,1,4294967295
tile_portal32,864,0,192,128,32,32,0,1,1,4294967295
tile_portal32,896,0,192,128,32,32,0,1,1,4294967295
tile_portal32,928,0,192,128,32,32,0,1,1,4294967295
tile_portal32,992,0,192,128,32,32,0,1,1,4294967295
tile_portal32,1024,0,192,128,32,32,0,1,1,4294967295
tile_portal32,1056,0,192,128,32,32,0,1,1,4294967295
tile_portal32,1088,0,192,128,32,32,0,1,1,4294967295
tile_portal32,1120,0,192,128,32,32,0,1,1,4294967295
tile_portal32,1152,0,192,128,32,32,0,1,1,4294967295
tile_portal32,1184,0,192,128,32,32,0,1,1,4294967295
tile_portal32,1216,0,192,128,32,32,0,1,1,4294967295
tile_portal32,1248,0,192,128,32,32,0,1,1,4294967295
tile_portal32,1280,0,192,128,32,32,0,1,1,4294967295
tile_portal32,1312,0,192,128,32,32,0,1,1,4294967295
tile_portal32,1344,0,192,128,32,32,0,1,1,4294967295
tile_portal32,1376,0,192,128,32,32,0,1,1,4294967295
tile_portal32,1408,0,192,128,32,32,0,1,1,4294967295
tile_portal32,1440,0,192,128,32,32,0,1,1,4294967295
tile_portal32,1472,0,192,128,32,32,0,1,1,4294967295
tile_portal32,1504,0,192,128,32,32,0,1,1,4294967295
tile_portal32,1536,0,192,128,32,32,0,1,1,4294967295
tile_portal32,1568,0,192,128,32,32,0,1,1,4294967295
tile_portal32,960,0,192,128,32,32,0,1,1,4294967295
tile_portal32,1600,0,192,128,32,32,0,1,1,4294967295
tile_portal32,1632,0,192,128,32,32,0,1,1,4294967295
tile_portal32,1664,0,192,128,32,32,0,1,1,4294967295
tile_portal32,1696,0,192,128,32,32,0,1,1,4294967295
tile_portal32,1728,0,192,128,32,32,0,1,1,4294967295
tile_portal32,1760,0,192,128,32,32,0,1,1,4294967295
tile_portal32,1824,0,192,128,32,32,0,1,1,4294967295
tile_portal32,1856,0,192,128,32,32,0,1,1,4294967295
tile_portal32,1888,0,192,128,32,32,0,1,1,4294967295
tile_portal32,1920,0,192,128,32,32,0,1,1,4294967295
tile_portal32,1952,0,192,128,32,32,0,1,1,4294967295
tile_portal32,1984,0,192,128,32,32,0,1,1,4294967295
tile_portal32,2016,0,192,128,32,32,0,1,1,4294967295
tile_portal32,1792,0,192,128,32,32,0,1,1,4294967295
tile_portal32,2048,0,0,160,32,32,0,1,1,4294967295
tile_portal32,2080,0,0,160,32,32,0,1,1,4294967295
tile_portal32,2112,0,0,160,32,32,0,1,1,4294967295
tile_portal32,2144,0,0,160,32,32,0,1,1,4294967295
tile_portal32,2176,0,0,160,32,32,0,1,1,4294967295
tile_portal32,2208,0,0,160,32,32,0,1,1,4294967295
tile_portal32,2240,0,0,160,32,32,0,1,1,4294967295
tile_portal32,2272,0,0,160,32,32,0,1,1,4294967295
tile_portal32,2304,0,0,160,32,32,0,1,1,4294967295
tile_portal32,2336,0,0,160,32,32,0,1,1,4294967295
tile_portal32,2368,0,0,160,32,32,0,1,1,4294967295
