SpikeU,-128,544,CACDD2F0,0,1,1,4294967295,0,0
SpikeR,-128,512,19F43B50,0,1,1,4294967295,0,0
SpikeD,-96,512,3DD0FFE8,0,1,1,4294967295,0,0
SpikeL,-96,544,AC3115A8,0,1,1,4294967295,0,0
MiniSpikeDown,-48,512,3FCC1D75,0,1,1,4294967295,0,0
MiniSpikeRight,-64,512,02FACEE0,0,1,1,4294967295,0,0
MiniSpikeLeft,-48,528,E16E2F84,0,1,1,4294967295,0,0
MiniSpikeUp,-64,528,B9A4529C,0,1,1,4294967295,0,0
SpikeTR,-128,480,F1FAB361,0,1,1,4294967295,0,0
SpikeLT,-96,480,B83906A0,0,1,1,4294967295,0,0
SpikeLB,-96,448,276212BB,0,1,1,4294967295,0,0
SpikeBR,-128,448,3D84EE8B,0,1,1,4294967295,0,0
sprKiller,-160,480,1C617892,0,1,1,4294967295,0,0
SpikeU,288,96,8D9AD7EF,0,1,1,4294967295,0,0
SpikeD,320,32,4B381208,0,1,1,4294967295,0,0
SpikeTall,-64,480,55F1AA56,0,1,1,4294967295,0,0
Autotiler,96,32,E883BB22,0,1,1,4294967295,0,1
Block,32,0,00256BF1,0,23,1,4294967295,0,0
Block,192,192,F89BB655,0,4,2,4294967295,0,0
Block,288,128,830D60DE,0,1,2,4294967295,0,0
Block,160,32,C2E7A8CA,0,1,7,4294967295,0,0
MusicPlayer,64,32,003C2ED2,0,1,1,4294967295,0,1
Cherry,-48,560,343260A1,0,1,1,4294967295,0,0
BulletBlock,-160,512,5F840818,0,1,1,4294967295,0,0
SavePointHard,-160,544,A8189D7C,0,1,1,4294967295,0,0
PlayerStart,224,160,96BD2CE7,0,1,1,4294967295,0,0
