SpikeL,464,416,2E97139C,0,1,1,4294967295,0,1
SpikeL,480,320,48FC1512,0,1,1,4294967295,0,1
SpikeL,720,192,83E3AF20,0,1,1,4294967295,0,1
SpikeL,560,288,898705D8,0,1,1,4294967295,0,1
SpikeL,576,160,4841EC01,0,1,1,4294967295,0,1
SpikeL,416,384,B0414220,0,1,1,4294967295,0,1
SpikeL,160,192,2E5F69D9,0,1,1,4294967295,0,1
SpikeL,512,160,179B9447,0,1,1,4294967295,0,1
SpikeL,672,160,4954E572,0,1,1,4294967295,0,1
SpikeL,240,288,B6E5BD1B,0,1,1,4294967295,0,1
SpikeL,112,320,C843FD90,0,1,1,4294967295,0,1
MiniSpikeRight,448,320,DCF6BF13,0,1,1,4294967295,0,0
MiniSpikeRight,448,352,BEC6EB2A,0,1,1,4294967295,0,0
MiniSpikeRight,480,352,AD60DCB1,0,1,1,4294967295,0,0
MiniSpikeRight,512,352,8FE1A667,0,1,1,4294967295,0,0
MiniSpikeRight,544,352,0F266552,0,1,1,4294967295,0,0
MiniSpikeRight,576,320,07F4A491,0,1,1,4294967295,0,0
MiniSpikeRight,576,288,19EF5691,0,1,1,4294967295,0,0
MiniSpikeRight,576,256,0B6C9B72,0,1,1,4294967295,0,0
MiniSpikeRight,576,224,52A052F8,0,1,1,4294967295,0,0
MiniSpikeRight,544,224,29BEB8CC,0,1,1,4294967295,0,0
MiniSpikeRight,544,192,9ADF8369,0,1,1,4294967295,0,0
MiniSpikeRight,512,192,EEAAABC2,0,1,1,4294967295,0,0
MiniSpikeRight,480,192,FC373078,0,1,1,4294967295,0,0
MiniSpikeRight,448,192,75CF7EF3,0,1,1,4294967295,0,0
MiniSpikeRight,416,192,C1DA4C1B,0,1,1,4294967295,0,0
MiniSpikeRight,416,224,DFEB66F7,0,1,1,4294967295,0,0
MiniSpikeRight,384,224,70B6BDEA,0,1,1,4294967295,0,0
MiniSpikeRight,384,256,7F53F998,0,1,1,4294967295,0,0
Block,512,384,4E9BB2A4,0,1,1,4294967295,0,0
Block,640,384,CE44BA83,0,1,1,4294967295,0,0
Block,640,512,7AE00C6E,0,1,1,4294967295,0,0
Block,768,384,C462E593,0,1,1,4294967295,0,0
Block,640,256,B25A20EC,0,1,1,4294967295,0,0
Block,768,256,E5C4D87C,0,1,1,4294967295,0,0
Block,896,384,AF4D81A7,0,1,1,4294967295,0,0
Block,288,160,8EFFA11A,0,1,1,4294967295,0,0
Block,256,160,52197A7C,0,1,1,4294967295,0,0
Block,224,160,0B4E034C,0,1,1,4294967295,0,0
Block,192,192,A0E968B7,0,1,1,4294967295,0,0
Block,160,224,BE58B0C3,0,1,1,4294967295,0,0
Block,160,256,748C024A,0,1,1,4294967295,0,0
Block,128,288,54C68C94,0,1,1,4294967295,0,0
Block,128,320,CC8B5CC6,0,1,1,4294967295,0,0
Block,128,352,1D208740,0,1,1,4294967295,0,0
Block,128,384,D89332FB,0,1,1,4294967295,0,0
Block,128,416,D41A41BA,0,1,1,4294967295,0,0
Block,128,448,ABC91DBA,0,1,1,4294967295,0,0
Block,160,448,45A505C4,0,1,1,4294967295,0,0
Block,192,480,9972A95F,0,1,1,4294967295,0,0
Block,224,480,446ECD39,0,1,1,4294967295,0,0
Block,256,480,32C87195,0,1,1,4294967295,0,0
Block,288,480,D5CCBAF6,0,1,1,4294967295,0,0
Block,320,448,0B89EE02,0,1,1,4294967295,0,0
Block,320,416,6FF00A4E,0,1,1,4294967295,0,0
Block,320,384,DFA05536,0,1,1,4294967295,0,0
Block,320,352,0A53A3E3,0,1,1,4294967295,0,0
Block,288,352,DD4B8BBB,0,1,1,4294967295,0,0
Block,288,320,A186C26C,0,1,1,4294967295,0,0
Block,256,320,19D7BD76,0,1,1,4294967295,0,0
Block,224,320,08B09C1B,0,1,1,4294967295,0,0
Block,224,288,287C74F0,0,1,1,4294967295,0,0
Block,192,288,589D1C99,0,1,1,4294967295,0,0
Block,192,320,F3F3823C,0,1,1,4294967295,0,0
Block,192,352,D1E0AF94,0,1,1,4294967295,0,0
Block,224,352,412F6142,0,1,1,4294967295,0,0
Block,256,384,965CCB51,0,1,1,4294967295,0,0
Block,288,384,AADD032C,0,1,1,4294967295,0,0
Block,352,352,3DC9C4B6,0,1,1,4294967295,0,0
Block,384,352,E466512D,0,1,1,4294967295,0,0
Block,416,352,6DA05481,0,1,1,4294967295,0,0
Block,448,352,E47C4605,0,1,1,4294967295,0,0
JumpRefresher,736,416,0030AF1C,0,1,1,4294967295,0,0
