SpikeU,-112,1040,7C696B8A,0,1,1,4294967295,0,0
SpikeR,-112,1008,5ED9DD22,0,1,1,4294967295,0,0
SpikeD,-80,1008,EF08C2C3,0,1,1,4294967295,0,0
SpikeL,-80,1040,BD5904FA,0,1,1,4294967295,0,0
MiniSpikeDown,-32,1008,9CBABCB1,0,1,1,4294967295,0,0
MiniSpikeRight,-48,1008,5F580E04,0,1,1,4294967295,0,0
MiniSpikeLeft,-32,1024,36076CB9,0,1,1,4294967295,0,0
MiniSpikeUp,-48,1024,91F10E8A,0,1,1,4294967295,0,0
Autotiler,64,640,E883BB22,0,1,1,4294967295,0,1
Block,0,1184,C5C814C4,0,25,1,4294967295,0,0
Block,800,1184,6158A46A,0,24,1,4294967295,0,0
Block,1536,0,08261D16,0,1,37,4294967295,0,0
Block,0,0,4C5538B5,0,48,1,4294967295,0,0
Block,0,32,A1FAC1B2,0,1,36,4294967295,0,0
MusicPlayer,32,640,003C2ED2,0,1,1,4294967295,0,1
SavePointMedium,32,1152,168ED2C1,0,1,1,4294967295,0,0
Cherry,-32,1056,19FF70DC,0,1,1,4294967295,0,0
BulletBlock,-144,1008,45D5B31A,0,1,1,4294967295,0,0
CameraOverride,128,640,DB018074,0,1,1,4294967295,0,1
CameraFull,160,640,71B25319,0,1,1,4294967295,0,1
ParallaxBackgroundLayer,192,640,8AAA3866,0,1,1,4294967295,0,1
Item5,784,592,9BF2CCE5,0,1,1,4294967295,0,0
Coin,224,1120,4B63DCDD,0,1,1,4294967295,0,1
Coin,256,1120,93738D56,0,1,1,4294967295,0,1
Coin,320,1120,609FB811,0,1,1,4294967295,0,1
Coin,288,1120,14A0B745,0,1,1,4294967295,0,1
SavePointMedium,448,1152,39AF3C2B,0,1,1,4294967295,0,0
Coin,512,1120,3436BE7A,0,1,1,4294967295,0,1
Coin,544,1120,FC72299E,0,1,1,4294967295,0,1
Coin,576,1120,8251915D,0,1,1,4294967295,0,1
Coin,608,1120,A4EAE174,0,1,1,4294967295,0,1
SavePointMedium,672,1152,AEA9A61A,0,1,1,4294967295,0,0
Coin,736,1120,3AFBF996,0,1,1,4294967295,0,1
Coin,768,1120,4B7B205C,0,1,1,4294967295,0,1
Coin,800,1120,1294295B,0,1,1,4294967295,0,1
Coin,832,1120,06363047,0,1,1,4294967295,0,1
PlayerStart,64,1152,96BD2CE7,0,1,1,4294967295,0,0
