SpikeU,-128,496,333A521B,0,1,1,4294967295,0,0
SpikeR,-128,464,1E0B0638,0,1,1,4294967295,0,0
SpikeD,-96,464,E556CDA5,0,1,1,4294967295,0,0
SpikeL,-96,496,06A0F6A8,0,1,1,4294967295,0,0
MiniSpikeDown,-48,464,F36CD356,0,1,1,4294967295,0,0
MiniSpikeRight,-64,464,91F60455,0,1,1,4294967295,0,0
MiniSpikeLeft,-48,480,4860B4B0,0,1,1,4294967295,0,0
MiniSpikeUp,-64,480,F217F65A,0,1,1,4294967295,0,0
SpikeTR,-128,432,9FEA05E7,0,1,1,4294967295,0,0
SpikeLT,-96,432,F871F06F,0,1,1,4294967295,0,0
SpikeLB,-96,400,A16F0ECB,0,1,1,4294967295,0,0
SpikeBR,-128,400,BFA30D96,0,1,1,4294967295,0,0
sprKiller,-160,432,2F77B8DF,0,1,1,4294967295,0,0
SpikeU,448,288,EAB922D9,0,1,1,4294967295,0,0
SpikeTR,512,192,AD82AA40,0,1,1,4294967295,0,0
SpikeTR,544,224,BB12B3C3,0,1,1,4294967295,0,0
SpikeTR,609,384,D789281B,0,1,1,4294967295,0,0
SpikeL,544,352,FA1568F3,0,1,1,4294967295,0,0
SpikeR,704,352,46124D1B,0,1,1,4294967295,0,0
sprKiller,544,64,FB465DBE,0,5,1,4294967295,0,0
SpikeD,736,223,AF6F4EF4,0,1,1,4294967295,0,0
SpikeD,896,320,B6129A50,0,1,1,4294967295,0,0
SpikeD,1024,320,4D3F93EA,0,1,1,4294967295,0,0
SpikeU,1056,225,59D55E68,0,1,1,4294967295,0,0
SpikeD,1056,383,90E0A0C1,0,1,1,4294967295,0,0
SpikeU,896,352,9D054C85,0,1,1,4294967295,0,0
sprKiller,1216,160,B3DF8BF8,0,1,1,4294967295,0,0
SpikeL,1536,192,9EF23A5F,0,1,1,4294967295,0,0
SpikeU,1568,160,9AF1AB8C,0,1,1,4294967295,0,0
SpikeD,1696,288,B90472C3,0,1,1,4294967295,0,0
SpikeD,1376,224,1259269F,0,1,1,4294967295,0,0
SpikeR,1600,192,9E196811,0,1,1,4294967295,0,0
SpikeR,1408,192,523567E8,0,1,1,4294967295,0,0
SpikeU,1920,192,975E8A1D,0,1,1,4294967295,0,0
SpikeLT,1280,448,59A5F6AC,0,1,1,4294967295,0,0
SpikeTR,1536,448,4C7727BB,0,1,1,4294967295,0,0
SpikeBR,1280,416,A71AB348,0,1,1,4294967295,0,0
SpikeLB,1536,416,A1DC0DCC,0,1,1,4294967295,0,0
sprKiller,1312,416,22817380,0,7,1,4294967295,0,0
SpikeTall,-64,432,4EA325EE,0,1,1,4294967295,0,0
SpikeTall,448,416,045FE6B1,0,1,6,4294967295,0,0
SpikeTall,512,32,FA1E0BC5,0,1,5,4294967295,0,0
SpikeTall,640,384,0C309D12,0,1,7,4294967295,0,0
SpikeTall,736,32,6F6EFAAB,0,1,6,4294967295,0,0
SpikeTall,864,128,BACF4645,0,1,14,4294967295,0,0
SpikeTall,1056,256,D75D0B1F,0,1,4,4294967295,0,0
SpikeTall,1184,544,632A2C42,0,1,2,4294967295,0,0
SpikeTall,1248,544,BD3E2456,0,1,2,4294967295,0,0
SpikeTall,1920,224,9A53C9EE,0,1,12,4294967295,0,0
Autotiler,96,64,E883BB22,0,1,1,4294967295,0,1
Block,0,576,001A25E1,0,5,1,4294967295,0,0
Block,0,0,00256BF1,0,26,1,4294967295,0,0
Block,832,0,FD9C55CD,0,25,1,4294967295,0,0
Block,1632,0,E9195FCA,0,24,1,4294967295,0,0
Block,64,512,FA9E6617,0,3,2,4294967295,0,0
Block,160,512,DA617E1A,0,2,1,4294967295,0,0
Block,448,320,508B53E4,0,1,3,4294967295,0,0
Block,544,192,C2F05B7F,0,2,1,4294967295,0,0
Block,576,224,0E22E65C,0,3,1,4294967295,0,0
Block,576,352,9FFBA071,0,4,1,4294967295,0,0
Block,640,288,DE98004A,0,0.5,2,4294967295,0,0
Block,64,448,CEC9CF0A,0,1,2,4294967295,0,0
Block,704,32,A40A3CF3,0,1,5,4294967295,0,0
MetalSurface,656,288,07CE1F15,0,0.5,2,4294967295,0,0
Block,864,96,AFCB195A,0,1,1,4294967295,0,0
Block,896,96,35772AC3,0,1,7,4294967295,0,0
Block,1024,32,31D54CD5,0,1,9,4294967295,0,0
Block,896,384,578E97C0,0,1,5,4294967295,0,0
Block,1184,128,BB6545FB,0,1,13,4294967295,0,0
Block,1088,192,538A7BCD,0,1,7,4294967295,0,0
Block,1248,128,E45D1A43,0,1,13,4294967295,0,0
Block,896,544,D5C1F8C6,0,4,1,4294967295,0,0
Block,1376,32,2856A921,0,1,6,4294967295,0,0
Block,1568,192,C89D039D,0,1,12,4294967295,0,0
Block,1696,32,39E69CA4,0,1,8,4294967295,0,0
Block,2048,32,3A2C8C5C,0,1,8,4294967295,0,0
Block,2048,352,DFE1D1B4,0,11,1,4294967295,0,0
RiskOfOcean,160,512,F17B858F,0,2,2,4294967295,0,1
RiskOfOcean,544,512,AEC650B2,0,2,2,4294967295,0,1
RiskOfOcean,928,512,55A454F0,0,2,2,4294967295,0,1
RiskOfOcean,1312,512,DED1F0F9,0,2,2,4294967295,0,1
RiskOfOcean,1696,512,76EC18D4,0,2,2,4294967295,0,1
RiskOfOcean,2080,512,64133FB8,0,2,2,4294967295,0,1
MusicPlayer,64,64,003C2ED2,0,1,1,4294967295,0,1
Cherry,-48,512,7BF13F00,0,1,1,4294967295,0,0
BulletBlock,-160,464,88025709,0,1,1,4294967295,0,0
SavePointHard,-160,496,2D20CD2B,0,1,1,4294967295,0,0
KeyBlockWhite,-128,288,5F2ACAB9,0,1,1,4294967295,0,0
KeyWhite,-176,288,042FD074,0,1,1,4294967295,0,0
Fizzler,-65,320,92F3096E,0,1,1,4294967295,270,0
PortalGunEnable,112,480,D4E5A0DC,0,1,1,4294967295,0,0
Platform,416,416,464E8829,0,1,1,4294967295,0,0
CameraFull,128,64,9F327D9E,0,1,1,4294967295,0,1
Fizzler,671,256,8EFD2056,0,1,1,4294967295,270,0
ShootPusher,624,144,8114F1A6,0,3.2,3.2,4294967295,0,0
Fizzler,768,96,F8BC130D,0,3,1,4294967295,0,0
Platform,928,128,09084D51,0,2,1,4294967295,0,0
Cherry,976,144,8A268372,0,1,1,4294967295,0,0
Platform,960,160,CDEA2E97,0,2,1,4294967295,0,0
Cherry,976,176,671C7A34,0,1,1,4294967295,0,0
Platform,928,192,B7FF557A,0,2,1,4294967295,0,0
Cherry,976,208,0571617A,0,1,1,4294967295,0,0
Platform,960,224,2701402E,0,2,1,4294967295,0,0
Cherry,976,48,78F5C4EB,0,1,1,4294967295,0,0
Cherry,976,80,7AEC6DBC,0,1,1,4294967295,0,0
Cherry,976,112,BEAA7689,0,1,1,4294967295,0,0
Fizzler,928,272,5F852412,0,3,1,4294967295,0,0
Platform,1312,176,AB540CFA,0,1,1,4294967295,0,1
Skinner,160,64,777182CB,0,1,1,4294967295,0,1
onPlayerShoot,160,128,0B665BD9,0,1,1,4294967295,0,1
TriggerTransformer,192,128,6C3847AF,0,1,1,4294967295,0,1
TriggeredFree,0,128,4D8F4568,0,2,1,4294967295,0,1
TriggeredFree,0,384,699D0F97,0,2,1,4294967295,0,1
Fizzler,1247,32,B11EF16D,0,4,1,4294967295,270,0
TimedBreakable,1760,256,AC6CA945,0,1,1,4294967295,0,0
TimedBreakable,1792,256,BC1A6671,0,1,1,4294967295,0,0
TrapStop,2048,32,DBB2C31D,0,1,18,4294967295,0,1
TimerTimerTimer,2080,32,A3374821,0,1,1,4294967295,0,1
CameraRoomViewer,192,480,26001A8E,0,1,1,4294967295,0,0
SavePointStandHard,128,480,D6295248,0,1,1,4294967295,0,0
TriggerInstance,2048,288,71412778,0,1,2,4294967295,0,1
TimedBreakable,1728,256,86AF572A,0,1,1,4294967295,0,0
PlayerStart,128,480,D174E2A0,0,1,1,4294967295,0,0
RiskOfOcean,89,0,66621CF8,0,2,2,4294967295,270,1
RiskOfOcean,89,384,3E976A35,0,2,2,4294967295,270,1
CatharsisWater,1280,224,A7E529DF,0,9,12,4294967295,0,0
CatharsisWater,1600,192,03DFE82B,0,3,13,4294967295,0,0
