tile_portal32,928,1152,96,0,32,32,0,1,1,4285690482
tile_portal32,1024,1152,96,0,32,32,0,-1,1,4285690482
tile_portal32,992,1120,192,0,32,32,0,1,1,4285690482
tile_portal32,1024,1120,192,0,32,32,0,1,1,4285690482
tile_portal32,928,1088,192,0,32,32,0,1,1,4285690482
tile_portal32,960,1152,160,0,32,32,0,1,1,4285690482
tile_portal32,1056,1152,160,0,32,32,0,-1,1,4285690482
tile_portal32,928,1120,128,0,32,32,0,1,1,4285690482
tile_portal32,960,1120,128,0,32,32,0,1,1,4285690482
tile_portal32,992,1088,192,0,32,32,0,-1,1,4285690482
tile_IWBTG,1088,1152,32,0,32,32,0,1,1,4282400832
tile_IWBTG,1120,1152,32,0,32,32,0,1,1,4282400832
tile_IWBTG,1152,1152,32,0,32,32,0,1,1,4282400832
